# x [nm]    y [nm]    z [nm]
5.830356373199307995e-01 3.210759040353464155e-01 2.671164378104258219e-01
5.790418606577878435e-01 3.119166834632068341e-01 2.417293594991723749e-01
5.588623387697935208e-01 2.979449692373611347e-01 1.809385722605516555e-01
5.503075084446324983e-01 2.774571685370834095e-01 1.574764164575302994e-01
5.275704079008783909e-01 2.662099852540177336e-01 1.263645696207169600e-01
5.231510476373381069e-01 2.273527241622987360e-01 7.311787553243068172e-02
5.125705315164801323e-01 2.221507810501479052e-01 2.640067841007332633e-02
5.253203357097405712e-01 2.078815511510445080e-01 -1.922561676405836611e-02
5.364379124434519586e-01 1.752879790429318352e-01 -1.189359843004654180e-02
5.261356402626200524e-01 1.498452708037424363e-01 1.708571104066066576e-02
4.967660958267691163e-01 1.349660249664761946e-01 2.206750957461838664e-02
4.965803775098335260e-01 8.595358807660322120e-02 2.421162655484000031e-02
5.057468766626471712e-01 6.768817504938866303e-02 2.026794249824415833e-02
5.212914707565513561e-01 7.536880074052416945e-02 1.223036354149242659e-02
5.292311141899082028e-01 8.975846477022622616e-02 1.851427139073282685e-02
5.308217666810266522e-01 9.816835197747951491e-02 1.089557347593834817e-02
5.533291468451538853e-01 9.567264689396735855e-02 3.339170223574938756e-02
5.609065840443211437e-01 7.902948338936383044e-02 6.770795752141325896e-02
5.602179612807581810e-01 6.130241948602636881e-02 8.923283289018830999e-02
5.832085662485968491e-01 2.385824695985955257e-02 8.023227563206705715e-02
5.910080202943639449e-01 1.710837278523651486e-02 7.732168944426136281e-02
6.047420815290937002e-01 4.002417054213192049e-02 6.378489573407390700e-02
6.133313863297932267e-01 5.251611894197769081e-02 4.505528665813592071e-02
6.050206969892827358e-01 4.850012369589863648e-02 1.115072740532728479e-02
5.892787864841210199e-01 2.771370580910811551e-02 6.501309847506030019e-03
5.766059340331003424e-01 1.580903629887120757e-02 2.556022267730030662e-03
6.017709218200028021e-01 1.924745500630232337e-02 5.388111266970375610e-03
6.107630445233759309e-01 4.832337446130379952e-03 1.514077748311298734e-03
6.427425318675572541e-01 1.370708874001023894e-03 3.571362680841420889e-02
6.517758614055375599e-01 -2.485621194159586770e-03 8.472052598078072538e-02
6.750889264969195391e-01 -3.378206929730071494e-03 9.209545421391797382e-02
6.795585914927210203e-01 5.864360668271476236e-03 8.036409413269317292e-02
6.843865324207091261e-01 1.666070395411221525e-02 8.802538993264506784e-02
6.933769220826355717e-01 4.494156573191580850e-02 4.663877477630248153e-02
6.858117293521712732e-01 6.852682498764778307e-02 4.710802227814919058e-02
6.414065922000706799e-01 7.670720019588195271e-02 5.989744029573450951e-02
6.394682248938773350e-01 7.564312581934382052e-02 5.837790312320526032e-02
6.216515266469737622e-01 9.662222727097556640e-02 5.006280611830146721e-02
6.026968426558588776e-01 6.294865788788818473e-02 4.506238551939507203e-02
6.121878686825965588e-01 5.055915053248147273e-02 4.178947012392147942e-02
6.222363350884018152e-01 4.287196096235630638e-02 3.547663415768040340e-02
6.503129547638780705e-01 4.198698146543317772e-02 3.805316345113814169e-02
6.468354552823391002e-01 6.011537411237738437e-02 3.017764390062466912e-02
6.366793551166035625e-01 7.931790639446247015e-02 2.539577301580531882e-02
6.154548591276952640e-01 9.067206708288742811e-02 3.188850124527167762e-02
6.177466191808633766e-01 9.327371639171481987e-02 2.943319354603027294e-02
6.338245966791984376e-01 9.059707781324485842e-02 -1.207758172891905402e-03
6.394861177175212852e-01 7.095686540365230000e-02 1.521026392969639790e-02
6.180691156494062533e-01 7.326017213166165221e-02 1.719357603301535989e-02
6.247950133508929360e-01 7.683760411455016481e-02 8.700209595249303388e-03
6.430348234891317682e-01 9.414818985932045525e-02 2.901670436957398680e-02
6.568852842766345068e-01 9.270196147553878829e-02 2.030998292878585798e-02
6.625772186794234297e-01 6.856408722957130220e-02 1.159730690546007664e-02
6.823659426875231526e-01 5.275989462071833253e-02 2.337019027123490161e-02
6.948345491615115499e-01 3.726236839714187898e-02 3.226052728229301253e-02
7.043467387335193841e-01 3.687516035413868770e-02 2.356967171412700096e-02
6.728578250043031339e-01 5.776046290824311813e-02 3.151137748181857129e-02
6.548093562993142491e-01 4.237650645926217818e-02 3.531830615401273382e-02
6.315148983376390746e-01 4.960000999559420476e-02 1.996963988961139233e-02
6.410872618310253790e-01 2.343433500574330572e-02 2.062386350510032537e-02
6.629181754662778481e-01 2.869300879248737335e-02 1.464333704715871202e-02
6.663115846242680940e-01 3.696050193057442285e-02 1.810388607726700488e-02
6.826911361129014422e-01 3.884169216543364306e-02 3.974060170991871449e-02
6.920070366092659908e-01 3.325794158243050580e-02 1.951812270444346770e-02
6.887984676066614131e-01 2.427830563056809082e-02 -8.011654412546153486e-03
7.067261269662328260e-01 2.772981555278633201e-02 5.472351516396209078e-03
7.133474942775887007e-01 5.278420091072605347e-02 1.318413075156521681e-03
7.203686886619733443e-01 5.379900721726271762e-02 -8.571321827593313125e-03
7.160326096372587878e-01 4.770197449099677217e-02 -3.191580175847100187e-02
7.130122495869469779e-01 4.501937972854942738e-02 -5.948187356758946609e-02
6.819854640856189976e-01 3.048959509684909600e-02 -7.291454442700648353e-02
6.873975982334179502e-01 -2.398874517280728466e-02 -5.041155978048899450e-02
6.599838932037295214e-01 -4.168672379490176438e-02 -5.115126018860661344e-02
6.385087228797006187e-01 -2.692541230037831176e-02 -5.649281868078490781e-02
6.071745406098210118e-01 -1.859613688065157866e-02 -5.753938692911292341e-02
5.900624280200964522e-01 -2.238545014964037072e-02 -7.369383809023916099e-02
5.889528360415487995e-01 -2.577647399829725849e-02 -6.928269876857473530e-02
6.020626320895290373e-01 -3.680378463537167799e-02 -2.560311490121416206e-02
6.191896074764923208e-01 -7.688324628709677921e-03 -1.319432973574363385e-02
6.304654106555560578e-01 2.318646122973482340e-02 -8.054467617776561728e-04
6.065066554826141765e-01 9.839653024953159619e-03 -8.674231034650078942e-03
6.129737466909572774e-01 1.482962254871553545e-03 1.025031468202824633e-02
6.214539459617803852e-01 1.523955731997995479e-02 2.512936577048267839e-02
6.392396097292617485e-01 2.929012389860063265e-02 -8.477134828041361925e-03
6.287912323343423093e-01 -2.674173031386492538e-03 -2.900033302579616348e-02
6.398059110877761801e-01 -8.207406712953509154e-03 -4.460117327346447419e-02
6.653079970613270389e-01 -2.346265094717734506e-02 -2.954096053985635906e-02
6.814914686959598900e-01 -1.265670569039435353e-02 -1.645869729834531156e-02
6.839815567673064312e-01 -1.795062450673071824e-03 -1.626539951048475499e-02
6.966365327531034435e-01 1.686961145055858313e-02 -9.258994337579557615e-04
7.076890760190572838e-01 6.002733227977587183e-02 7.311834801452591487e-03
7.389462376440653069e-01 6.387821477690602823e-02 2.642143330163004150e-02
7.187990117497350395e-01 5.480513035329780819e-02 3.422828916825270545e-02
7.060914685291725945e-01 5.370341415098528470e-02 1.019370532850346830e-02
6.944842123301725456e-01 2.785796637577099555e-02 6.338203764008840287e-03
6.893734129142016220e-01 2.377450118871009613e-02 2.989552105527100868e-03
6.715754681742521770e-01 1.350060704854775043e-02 -2.035953473305711966e-03
6.836908912468826482e-01 3.200217154280270149e-02 3.416219059572645714e-03
7.091047134998590407e-01 2.333430456847407700e-02 1.233347681640797368e-02
7.142186588894952060e-01 1.209742756489195527e-02 2.302413766071448320e-02
6.968153138013897241e-01 4.279939406192492107e-02 3.777407130658237688e-03
6.994494851445417494e-01 6.361190095161466107e-02 -1.471353982106847827e-02
6.992630328447667631e-01 5.349437598721795695e-02 -3.050176683931652907e-02
6.981592487998171670e-01 4.399259360230151072e-02 -4.796072349373878274e-02
7.055181994400584466e-01 4.686199000727302860e-02 -6.364225397571265930e-02
7.063590301211518652e-01 4.956384691672345577e-02 -4.455576843543994359e-02
6.752106367972341427e-01 4.753340636490709092e-02 -3.796755005233947572e-02
6.515425605997586800e-01 4.539367174189841425e-02 -4.663849882011260328e-02
6.563912344127683651e-01 6.566889971737972787e-02 -5.051324484295253991e-02
6.554584520161342853e-01 4.950227560417895523e-02 -6.086390215744443000e-02
6.554951315734671713e-01 4.185880235583411269e-02 -7.209855627263396516e-02
6.322267411373136969e-01 5.931782508423617817e-02 -7.181081218396957733e-02
6.318889133083109844e-01 5.834456761216001708e-02 -9.140336755455795437e-02
6.226563986591573396e-01 5.081859930018991361e-02 -8.709059073893943292e-02
6.009675011505115627e-01 2.964119616245602246e-02 -4.382868513364316515e-02
6.016153755585418317e-01 4.153338710797609828e-02 -2.385966556452256276e-02
6.117919296837042165e-01 5.633834712311635434e-02 -1.567961064832396403e-02
6.009776800666642993e-01 4.886932719880680842e-02 -1.638827227551293425e-02
5.743774425143521878e-01 5.512373421476082780e-02 4.846365778812269931e-03
5.641076531403554917e-01 4.784135447424996829e-02 8.093284183898079992e-03
5.517755102962252911e-01 2.564332341007102833e-02 -5.131977576452560405e-03
5.498956194447338630e-01 2.788116860661018354e-03 -1.636748362281505165e-02
5.689227468954134448e-01 9.144148990334182228e-03 -1.301402536334718418e-02
5.754037304517893858e-01 2.748626425292004932e-02 -3.034704124769196584e-02
5.834392969341890556e-01 4.229001209327350186e-02 -1.563574608409414729e-02
6.023863467805293803e-01 4.825161585626875499e-02 -2.525728485506527343e-02
6.411116713999019945e-01 6.820488692463783087e-02 -3.702429885944956423e-02
6.548748789268702408e-01 6.707207485176745754e-02 -2.149139325123196678e-02
6.573920301973200653e-01 6.331551218943469450e-02 -3.564121759932915856e-02
6.443548220156517514e-01 6.389461083896011417e-02 -4.760342709696792352e-02
6.293551809407813558e-01 3.509919766731577073e-02 -6.309598664432994330e-02
6.178313121976057865e-01 2.708898547393193135e-02 -9.284408818509375105e-02
5.943039047634374183e-01 5.879532926101389834e-03 -1.221518781119135671e-01
5.809350332110805315e-01 1.926102820389229836e-02 -1.199497395994123666e-01
5.856473372973199920e-01 5.426151293308468376e-02 -1.155463964024115303e-01
5.638099805239403794e-01 7.079006164306972382e-02 -1.164376188355011749e-01
5.580575616032117381e-01 6.500499751297142415e-02 -1.153680080123706819e-01
5.442286722098192975e-01 4.836778418025499543e-02 -8.293787150480164128e-02
5.430416917575072722e-01 4.950492497637178080e-02 -6.867439724571644533e-02
5.768014257817800639e-01 5.055162522665336555e-02 -4.857317945534302128e-02
5.947371215053937066e-01 6.456135237325924536e-02 -4.610263836081782141e-02
5.765312277809353514e-01 7.412697965635642317e-02 -4.484175132542163322e-02
5.875449871450055817e-01 7.464253004084364651e-02 -2.180105447107578628e-02
5.683627121462602183e-01 6.027008067227650201e-02 -2.262130171868761974e-02
5.444589429327970631e-01 4.435399058029088071e-02 -5.035522033819270910e-03
5.448849257224437359e-01 2.443097967706558613e-02 -1.163245724785669406e-02
5.419643515195625705e-01 2.708680711262312357e-02 -2.956216831989877392e-02
5.731621320336566239e-01 3.972576543511982528e-02 -3.073966616905668761e-02
5.801468811854938457e-01 3.104285503870833629e-02 -2.394386252715949640e-02
5.939155144896508531e-01 3.866616643021347777e-03 -2.499969141540147460e-02
6.455669733611519856e-01 -4.955881304663430423e-03 -2.895861196633998935e-02
6.872374997071362124e-01 -1.634790569357782303e-02 -9.494759038983308086e-03
6.875231269479061824e-01 -1.113291567997819892e-02 -1.402388384106815523e-02
6.938061337539748186e-01 -1.582097700124358158e-02 -1.977667967413742831e-02
6.921943187520975815e-01 -1.716982811132438530e-02 -2.394582241936233161e-02
6.923951937758608954e-01 -3.892015433231320320e-02 -1.678763307583734307e-02
6.777797779072010087e-01 -3.566402600264974992e-02 -1.344304367239878076e-02
6.615208891415585990e-01 -6.263909219471557044e-02 5.749205879557375137e-04
6.489794040227790939e-01 -5.380876456905113459e-02 4.740966276471234031e-03
6.543094533688373904e-01 -1.414270106315326098e-02 -3.570200601637492366e-03
6.800767826980990138e-01 2.787240195440309626e-03 -1.617158003293797663e-02
6.705540968057127627e-01 3.611928973047617234e-03 -5.972724582464965584e-03
6.681394411772622055e-01 1.622748135310543918e-02 -2.388680236281629041e-03
6.619177167381555815e-01 2.817844588507680686e-02 2.572486175616605503e-02
6.583468150632231231e-01 4.450385741373489440e-02 2.818166828145253489e-02
6.616798713291154321e-01 4.756782688943493598e-02 3.085009354997022418e-02
6.495397237467476215e-01 3.553757144656113920e-02 3.195699631105887450e-02
6.226634791176718364e-01 5.107035390471528769e-02 3.719568934192124532e-02
6.266117143664060585e-01 3.904176357461019986e-02 3.591225002006449146e-02
6.175738256170895113e-01 2.663587496189350617e-02 1.856218446161855135e-02
6.328268547664837040e-01 2.584348223742332848e-02 2.258035182706141439e-02
6.329282979910977325e-01 1.860823523121175188e-02 3.333501357022354561e-02
6.141728476780219381e-01 -1.433186369060856363e-02 2.276886494372013653e-02
6.167508488067396932e-01 -9.827811436377450333e-03 1.731089702113165069e-02
6.103555095839835465e-01 -1.623534158324303062e-02 1.371035681334949533e-02
6.149126320863709250e-01 -3.644559164130570933e-02 4.943155325337438011e-02
6.369223094122683504e-01 -4.221985442107966530e-02 5.539868754714132038e-02
6.451208948882545258e-01 -3.764424238274326207e-02 2.932336964988792316e-02
6.351540152862747979e-01 -2.738207211407148178e-03 1.609085464987663333e-02
6.246269925613889828e-01 2.454556288902313976e-02 6.510793227605584516e-03
5.982369760187167262e-01 4.798038493252555770e-02 -2.943963997767124266e-02
5.939362604491565945e-01 5.966561181118511942e-02 -1.232567532467829588e-02
6.102253132024785254e-01 3.917088510799593415e-02 1.028156248766150596e-02
6.050962904593478742e-01 1.929359668239164979e-02 8.301857383947725336e-03
6.144859809097947823e-01 1.446274960724973704e-02 -6.614002415305648280e-03
6.305183067936029895e-01 5.103883680305024151e-05 2.179017464230270651e-03
6.257796762631564480e-01 6.110422057642370813e-03 1.850552444416607434e-02
6.322020240550132453e-01 1.695791569498172544e-02 2.805173675663048469e-02
6.159036980582462961e-01 1.815730671299587567e-02 3.169315665523358971e-02
6.149001632978842169e-01 -5.239022661448173440e-03 8.008661378600817615e-03
6.144837200005961453e-01 -1.462302708480849901e-02 2.188069391851140896e-02
5.862048393108590938e-01 1.442644003976535118e-02 5.083061370586076932e-02
6.016038609065191833e-01 4.812139410672312823e-02 8.952039342675624511e-02
6.067216648926165856e-01 7.069868278353186319e-02 7.311138645555063931e-02
6.230879324266087593e-01 6.067138428667750993e-02 6.175583985461813308e-02
6.240596607460323630e-01 7.020769987210898067e-02 2.889771617370708034e-02
6.202541339519469510e-01 7.791045296445957280e-02 -1.377868487243481127e-02
5.861312133728482365e-01 8.629338669679209595e-02 -3.955476770627745775e-02
5.584788134873197585e-01 7.666494479971444620e-02 -4.294913004692480635e-02
5.797600144820851398e-01 7.181294708716108588e-02 -4.130509474961632094e-02
5.843672698663793241e-01 8.291162020695054535e-02 -1.785468518611563887e-02
5.867370758915748663e-01 6.975682546623439284e-02 -9.330917042079367105e-03
5.723915815436182442e-01 5.785423847190040297e-02 3.924104070697185392e-03
5.791086864662091660e-01 7.271835555131656026e-02 1.885140764177752060e-02
5.717886994460678052e-01 1.033355026856947051e-01 -6.461511308665110476e-03
5.448683261394766664e-01 1.170795333484097450e-01 -3.291813863175426305e-04
5.285941150485520268e-01 9.466114237268985487e-02 -1.133561895511510029e-02
5.166856546813606288e-01 1.040966506292427263e-01 -1.522545186907739434e-03
5.357367358346606379e-01 8.547099854239932626e-02 -2.256185079610316564e-03
5.530754826375610111e-01 7.929393832507179718e-02 -2.016811629214803475e-02
5.672634346740027533e-01 4.144681269033483051e-02 -8.999696626865200111e-03
5.802266791255912270e-01 4.363630943609279889e-02 -1.414936584021567537e-02
6.111265839545209078e-01 2.270074009102816467e-02 3.870350616992340731e-03
6.352388302374052387e-01 8.290061393130661316e-03 -1.917661442832844024e-02
6.424759752704355398e-01 1.127372159699922827e-02 -2.101979614725997883e-02
6.402136441710198911e-01 1.045680963373773337e-03 -4.478057330415689125e-02
6.758952608401287421e-01 -2.349227941820890980e-02 -5.838009767700479830e-02
6.830176464896708932e-01 -4.007099255417252009e-02 -7.648874440890297832e-02
6.737128332071642411e-01 -2.008542175818861866e-02 -7.273777793868661801e-02
6.696189800599912090e-01 -1.248700102977317282e-02 -4.242157703794864620e-02
6.817424646292010726e-01 3.272906082333307612e-03 -1.751108670901531036e-02
6.938130567985583141e-01 5.032515043926919646e-02 3.658179624413327585e-03
7.009947394725454251e-01 4.571114516528029803e-02 9.624519497275236396e-03
6.855498757210415350e-01 3.191116731041508670e-02 6.822744802987269069e-03
6.774563389520488199e-01 1.806880830633320056e-02 2.536477830390733781e-02
6.924274723836031376e-01 2.892206719320405267e-02 3.621714969075708751e-02
7.056607403067227668e-01 5.917559499651146165e-03 4.626357081652983372e-02
7.134950747648263203e-01 -8.147620862240871967e-03 4.742474917140475366e-02
7.146653476952139483e-01 -1.396947196309205642e-02 4.698782429672025696e-02
7.185720404616728896e-01 -1.581111695155625052e-02 4.862593008438105546e-02
7.030284168801499423e-01 -2.425469018992987280e-03 6.726402380196268294e-02
6.897000104842146984e-01 2.674232030367548751e-02 6.297309938612291602e-02
6.545752796924929617e-01 4.152973052506905849e-02 5.585464054775691328e-02
6.264613500164765147e-01 7.147458556742328217e-02 3.474418788466018815e-02
6.234652165905586463e-01 5.615300207157818135e-02 1.023102480907600587e-02
6.174278654275162648e-01 2.905201432869564809e-02 -1.013323807438607296e-02
6.134995216012356645e-01 3.016148024504890918e-03 -4.402138675757456820e-03
5.902194135812081077e-01 -1.333847818050098652e-02 8.634317920465485810e-03
5.738702419502351715e-01 -4.663284196150179611e-03 9.433917407416839845e-03
5.769343916210377676e-01 2.548641656355244214e-02 2.475745198683972081e-02
5.946785403457857111e-01 4.623190013602916648e-02 2.656415451059458352e-02
6.075772931193754722e-01 4.484007128125482022e-02 5.726180999924662673e-02
6.055921959072678717e-01 1.491029608955750374e-02 6.292259669938281286e-02
6.013614051732982801e-01 1.447738545147941348e-02 4.026774222038032036e-02
6.152604434576830483e-01 5.360170205116278341e-02 4.977353984816626498e-02
6.100414650105182579e-01 6.284139333472564537e-02 2.224169546528570809e-02
5.970096521111493137e-01 6.819118500552041884e-02 4.340178025140734031e-02
5.909329343298580506e-01 8.600355278051145802e-02 6.345807600213058952e-02
5.829675804311248433e-01 7.210712450542207386e-02 7.199740201218808588e-02
6.026703870095476701e-01 6.488848031868910127e-02 8.356624939345702607e-02
6.017261941651348423e-01 4.773887576218144302e-02 6.056418318402936180e-02
6.162974251036463791e-01 4.213392731538131986e-02 3.807820833780149739e-02
6.228048680894837652e-01 5.092051850652472289e-02 2.878677747768878040e-02
6.301916140286132340e-01 6.028186179229839958e-02 1.813518941127344186e-02
6.663299354408542818e-01 6.495754791269678363e-02 1.047923199177682591e-02
6.700718222153874137e-01 6.459968122537430857e-02 4.754383813665897726e-03
6.965512360256986835e-01 4.561669359344694419e-02 1.391038093574137671e-02
7.111819810719376411e-01 5.417886372998935440e-02 2.811870159215943202e-02
7.230134502460556778e-01 5.834911211590972091e-02 2.813263181769059401e-02
7.467966400768869528e-01 3.664128641425535432e-02 2.756358880624341229e-02
7.308543433762659802e-01 2.634391486195978432e-02 1.092379947041365040e-02
7.000346364702962898e-01 1.291312539067360730e-02 2.756551335497337690e-02
6.950834929865525869e-01 8.674014028444419419e-03 2.288327571262901983e-02
6.670767813900572163e-01 1.071378372258521144e-02 3.875682858992422763e-02
6.738440466232148429e-01 1.789720199252917143e-02 3.395482661273084568e-02
6.982288312734086233e-01 1.298177724339643832e-02 3.216420598458197277e-04
7.245377541667101795e-01 -2.172547969398506279e-03 -9.374695901296645553e-03
7.329511825649652756e-01 -1.281513015626594906e-02 -3.929910549855453183e-02
7.402552257574325223e-01 -3.849833882728693341e-02 -6.651346158126764108e-02
7.394738541363364837e-01 -2.902306775447160980e-02 -5.228431476451569915e-02
7.308926658704497648e-01 -1.116706914417401816e-02 -3.656764662766785745e-02
7.530482546752810258e-01 1.889936990630230323e-02 -3.127494707924872996e-02
7.765775943817054827e-01 3.625504865421859402e-02 -2.232733221696224513e-02
7.585977787002085027e-01 4.420729290110725351e-02 -3.393497473423572053e-02
7.316157355366218473e-01 5.727478128019140163e-02 -4.114570914574914445e-02
7.021332964114573860e-01 4.794923126163762317e-02 -2.321441930618881391e-02
6.755305429994716837e-01 1.748857463241867624e-02 -4.256182921976991301e-02
6.900861140724832143e-01 1.226781410374347056e-02 -4.822151588415177215e-02
6.870505520190675064e-01 1.013763406082814761e-02 -4.182994778920942625e-02
6.962757921150181106e-01 1.009125228860721646e-02 -2.797712942594135499e-02
6.925811681729350244e-01 -8.675532068760791887e-03 -4.917536405990168002e-02
7.012616585303446115e-01 -1.956168794736226277e-02 -5.487511720865850817e-02
7.038273984444716191e-01 -1.164797287214193455e-02 -4.204731854522698875e-02
7.088300217676427595e-01 -4.632969434376103465e-03 -2.119063796944233372e-02
7.009625584841716606e-01 1.171832801156034477e-02 -2.287379588584444873e-02
6.765776722048719716e-01 3.073832272080248562e-02 -2.249952341661370925e-02
6.919213979667442338e-01 5.329004521317003140e-02 -1.306673809220336782e-02
6.925277350198518755e-01 5.890483151145921997e-02 -1.742887334385880352e-02
7.029393887741641755e-01 6.097245581566641814e-02 -1.766090842319027049e-02
6.982621583256294340e-01 3.465591714246278598e-02 -4.907463679061660131e-03
6.884448143203784065e-01 3.318844421090760832e-02 -7.578519347012440191e-03
6.944847565383671650e-01 1.321234575539657202e-02 3.357282437303746661e-03
7.121591305922939652e-01 5.765192775329545070e-03 -7.774711682541944960e-04
6.878188093298012173e-01 4.435323361275430275e-03 -1.719649606424296026e-02
7.007121456615650334e-01 -4.538383670959295936e-03 -1.814287402691586518e-02
7.078026877101614156e-01 2.987752853736596811e-03 -3.466938927565668682e-02
6.995020664650414277e-01 3.231984593232602870e-02 -3.864127200248261562e-02
6.831395486007546536e-01 3.808429637049514510e-02 -4.227227585657317155e-02
6.887442603342437408e-01 4.353117846154129500e-03 -1.728676619948551346e-02
6.902610195995871889e-01 2.632088358090069625e-03 -2.741728489984360945e-03
6.864875383229023242e-01 1.826316097105499039e-02 -5.914661314283427285e-03
6.802333154725107578e-01 1.340186026255668281e-02 2.583441778222270169e-02
6.639191958894602452e-01 -1.303734726354954451e-02 5.283392520922284424e-02
6.695516383782831316e-01 -2.974289722080925708e-02 6.287565106065806653e-02
6.556350973120123049e-01 -2.374745759610549095e-02 4.131117655094296293e-02
6.609713871573027477e-01 -8.125825262305106170e-03 1.308724333343323429e-02
6.640553559851973819e-01 5.403227874531471575e-04 -1.875772949701777839e-02
6.614498765979279771e-01 2.801761475332598811e-02 -3.111433001449505006e-02
6.684202546040092230e-01 4.117070232868497159e-02 -3.765125770700022967e-02
6.588737340980378443e-01 4.927338999399824560e-02 -3.486243398663960158e-02
6.779330976129872566e-01 4.693062768476163882e-02 -6.084727273959116001e-02
6.780332731338035712e-01 3.385861333716990579e-02 -4.457656379345163733e-02
6.956199752872272990e-01 3.350003924178123621e-02 -1.212228357177130844e-02
7.092048792526260970e-01 3.668335039362517064e-02 1.767458180316493210e-02
7.081447117575324635e-01 1.748315706616144008e-02 2.950585502460115889e-02
7.179968469889826954e-01 1.514510995200711065e-02 3.955709889259279716e-02
7.143776865083252270e-01 9.620440980667135239e-03 2.852470813342850020e-02
7.258042975045242429e-01 -6.272603029043900824e-03 2.974873806159918782e-02
7.024862202080653928e-01 -1.904920805556076756e-03 4.210171511602753963e-02
6.991175681638145400e-01 -3.566338511463705216e-03 5.554938721125908530e-02
7.202978204387023853e-01 -1.709278149784946785e-02 7.545099526839590953e-02
7.098281096591302353e-01 2.291751894321195082e-03 6.612553559409523052e-02
7.064737288076795574e-01 1.097458630033466137e-02 3.804385777113776512e-02
6.870550390361708226e-01 3.381843030421274876e-02 5.875701201092833892e-03
6.972609077035785141e-01 2.569604586758291592e-02 -4.842861687675772617e-03
6.815481824168718727e-01 1.181973724771818481e-02 -1.804621113736249241e-02
6.629598353707777392e-01 -1.454710268261764916e-03 -4.027721714912609052e-02
6.432632844570498332e-01 -9.794808368068253293e-03 -5.409102761255657477e-02
6.303205603386492495e-01 1.729218645234158885e-04 -8.842608508301280645e-02
6.647267648134307372e-01 2.169592862550322881e-02 -1.037744321088925337e-01
6.655016697999279751e-01 4.458475336763167984e-02 -1.050552110671177652e-01
6.453572375204178480e-01 4.430504984269927060e-02 -1.007299650642341365e-01
6.164927495225671628e-01 5.188175644260727831e-02 -8.436779692969252620e-02
6.123559279310589742e-01 4.906072496033388186e-02 -6.527435879031140420e-02
6.137797152593420513e-01 4.914407214550305103e-02 -5.976707872891189044e-02
5.919813389954923233e-01 6.317747737054923984e-02 -3.106598100844277371e-02
5.755766122815045849e-01 7.852883097961375902e-02 -3.106963922821130014e-02
5.672356804228896321e-01 6.112022836162644968e-02 -8.181239285827375529e-03
5.147473998063890610e-01 6.853780480518545382e-02 -5.437045130993746825e-03
5.040314216184090812e-01 7.628999626829137404e-02 2.825041544611520822e-02
5.187936770970863476e-01 8.501877440692516552e-02 6.794908097727592189e-03
5.209397407245398570e-01 7.157561899182665610e-02 -8.542617318953699135e-03
5.210024426927843955e-01 8.427627142351558354e-02 -8.801527955236244233e-03
5.296975507740366851e-01 1.023735462404056495e-01 1.009893128623161676e-02
5.135031425109357617e-01 1.024824219503753520e-01 1.620374630524854670e-02
5.081472683917329647e-01 9.701934396568495655e-02 1.441117167272744533e-02
5.351457932905830939e-01 9.580397083938638203e-02 1.024572106393155727e-02
5.555264935131523085e-01 6.421250267161221492e-02 1.019367850804417906e-02
5.679390120635372519e-01 4.803225794379500924e-02 4.094480177476815530e-04
5.955149258160659098e-01 4.430106110002081377e-02 -5.687995751146011220e-03
6.283726750390609128e-01 4.418204999754799661e-02 -1.847095506113859489e-02
6.330936234330286627e-01 5.502712733434664272e-02 -2.075519015378747209e-02
6.425991005012736679e-01 3.898807854738428613e-02 1.480791338766936430e-02
6.532590540572176252e-01 3.633040567204659510e-02 3.392987637010237700e-02
6.510367454890744199e-01 7.796622552922294336e-02 3.325472964837403872e-02
6.437993649039972510e-01 7.422781873446000767e-02 2.996401196031480557e-02
6.389494990200568214e-01 5.353237470368837903e-02 1.510022558853305746e-02
6.532999031011588187e-01 1.487883878648395969e-02 1.015281734330179819e-02
6.514495281561825113e-01 1.152098089789077746e-02 2.598703893363973547e-02
6.647027362837631959e-01 1.962790672604642489e-02 3.251500957098909378e-02
6.578592092113878520e-01 2.058256908016952227e-02 2.020431123200836301e-02
6.707036924800501287e-01 1.047195336774886867e-02 1.505854970423992772e-02
6.622577228970987218e-01 1.298131447277646802e-02 7.299011284502122596e-03
6.634926724480907367e-01 2.054943741499355020e-02 -2.300692393237253885e-02
6.572542955621055727e-01 1.239573229909569051e-02 -3.862071229094725389e-02
6.728136034386187347e-01 1.277013304640126599e-02 -2.818472125464257377e-02
6.973393532515717030e-01 -1.711427135617397260e-02 -1.734711841757993062e-02
6.985119150669178989e-01 -1.091354536611768150e-02 -7.006184792148413207e-03
7.276030541700615473e-01 -4.379938074548188343e-02 -2.334694675892876395e-03
7.113451628801593651e-01 -4.802642794633400769e-02 2.945908798725158789e-02
7.039611775098814084e-01 -2.872670829694298072e-02 2.241957692093917223e-02
7.015701955221542718e-01 -2.903264261940750879e-02 4.057140017102937868e-03
6.799511444804499094e-01 -9.996004062888017017e-03 -5.591873166304425768e-03
6.601823638303504493e-01 2.254349018337105381e-02 -1.966718420012571189e-02
6.555027233400940734e-01 2.648885094005534735e-02 -2.640526675970886888e-02
6.596046729684458265e-01 3.594699417728299679e-02 -7.066018061520323856e-03
6.753866635775759297e-01 2.312894763921666610e-02 -1.715042054435103255e-02
6.975948568221093105e-01 1.404142952731823359e-02 -2.194529442148295678e-02
7.156416792921911352e-01 -2.475229784231211885e-03 -2.479970989573972856e-02
7.080009836587983774e-01 -1.061150676378367491e-02 -4.020591448456049821e-02
6.843336451620137817e-01 -1.731158883934144632e-02 -3.675598214296631888e-02
6.573097418734006325e-01 -5.894240511206095059e-03 -2.263263378424015815e-02
6.223178733479888258e-01 -4.728307477035550987e-03 -1.213534882134929827e-03
5.764940774088710418e-01 -2.674060224578267767e-02 8.792906674158239289e-03
5.519799188207390461e-01 -4.453134359428016775e-02 8.609753862093947815e-03
5.290129696123901937e-01 -2.631203785452534971e-02 6.423830002705141831e-03
5.178178058497732161e-01 8.449928152093201528e-03 2.800718465302538818e-02
4.993639829982795542e-01 -7.489033686096865927e-04 2.757446324315662722e-02
5.191947767946357706e-01 3.936921240110718284e-02 9.126419401627030442e-03
5.356073683310219602e-01 5.396250677775664417e-02 -2.021135149841638001e-02
5.201926574959717664e-01 4.924476081158928736e-02 -5.473328355521637351e-02
5.107697715481341882e-01 8.327215992813058465e-02 -4.023938623191125608e-02
5.089160728284736201e-01 6.365072996560036667e-02 -3.477752080127433781e-02
5.022114793821601531e-01 4.129795337590641546e-02 -2.946656976947427398e-02
4.677882236962833673e-01 2.338966518390939858e-02 -4.138527467039722352e-04
4.676721401953662927e-01 2.448043571847551697e-02 1.625855787484188630e-02
4.554137798330125664e-01 2.886702999422152000e-02 1.370500804700820405e-02
4.485766291310619436e-01 5.146991575859451856e-02 2.238959121962382989e-02
4.361747587386394787e-01 7.022145557331037347e-02 1.842181934714939850e-02
4.397577682540849131e-01 5.718819442800562869e-02 3.368462250886520779e-03
4.636681561522721928e-01 2.797539487539462549e-02 1.334236950695326211e-02
4.784031503436098620e-01 7.375209832628178835e-03 -1.016068879053861652e-02
4.834612625596187430e-01 2.203172862583231001e-02 -6.270513601509638234e-03
4.991526838545626288e-01 2.615340115757276707e-02 -2.253402456841645078e-03
4.783637488401161764e-01 3.876279401492409293e-02 -2.319416575846319425e-02
4.895140799265098597e-01 5.871764369389348426e-02 -1.518162929202565917e-02
5.222521131429103125e-01 3.652182600561090786e-02 -5.199144848498657781e-03
5.103431356367279514e-01 1.503437436805396543e-02 -1.603663322952835011e-03
5.181000697586514159e-01 1.184091255278096715e-02 -9.785027685723856131e-03
5.084099713518134278e-01 6.058210484063394040e-03 -9.565511222283750933e-03
5.158733480464073873e-01 1.590173137203813175e-02 -1.782966973695506580e-02
5.076075895378446834e-01 4.690556413550293208e-02 -1.044892974113639100e-02
4.987553129565733823e-01 4.634714898117938547e-02 -6.045847422125576187e-02
4.820092709213216753e-01 5.447911213540804903e-02 -6.180282116102669282e-02
4.825492404209456021e-01 7.095156275147133929e-02 -6.496285291756341562e-02
4.955123127286180651e-01 5.636604829114315318e-02 -5.037540501158191408e-02
5.049032322447307708e-01 8.013047522331150085e-02 -3.641002634852465863e-02
5.040972316597042147e-01 9.609133126800961655e-02 -8.801582500053993507e-03
5.101053010502354379e-01 9.826421130154826267e-02 -5.526458431883192121e-03
5.108841048628657289e-01 9.377348734793006235e-02 6.579805477017631327e-03
5.174392425568691278e-01 5.653215438755321287e-02 2.477077633441521903e-02
5.287433023625163209e-01 3.963241371623943410e-02 2.839841984597483993e-02
5.541846095812774653e-01 2.478455599799531117e-02 4.449203437500169611e-02
5.536344123437308973e-01 3.670236196625114439e-02 4.679442281277775700e-02
5.597531429743023423e-01 3.053553646670242525e-02 6.117755119417360443e-02
5.605731595461682648e-01 2.929883576701594258e-02 5.269285668489733648e-02
5.549237815574612487e-01 5.252195561504966609e-02 5.052847362791649394e-02
5.293151829038773570e-01 8.063275530018625126e-02 4.490836680235604783e-02
5.089132750149782947e-01 7.867298785509688197e-02 2.934976205655111595e-02
5.115557666199862519e-01 5.391032127748937586e-02 4.569156084920436567e-05
4.918340602292590180e-01 5.022522671248957904e-02 -3.642443823459930174e-02
4.986619161496015917e-01 3.828198449794445457e-02 -3.608639958716659130e-02
5.021872201232829847e-01 3.748595744984164341e-02 -3.870676919320380910e-02
4.974122440824792490e-01 3.325486249569133829e-02 -4.455746836483327061e-02
5.013654752208596133e-01 4.138692207085477998e-02 -4.107404252300878023e-02
5.123178961447819590e-01 4.376549413976213443e-02 -4.398812786625301563e-02
5.376274342869848955e-01 5.008127023773294162e-02 -4.201403948213510570e-02
5.654320938280381625e-01 4.195508831136344347e-02 -3.447671021788601547e-02
5.904445528053863246e-01 3.611277622256445913e-02 -1.206024461402941880e-02
5.806147775867537275e-01 1.178886648984007676e-02 9.143947538601551739e-03
5.823489731452576867e-01 -2.302812590212945792e-04 3.276140950284813814e-03
5.782531405534718782e-01 4.913809125739894076e-03 3.841868585976077749e-02
5.819858244529989566e-01 1.529819654900939352e-02 4.455172790354985229e-02
5.703085523075059893e-01 4.998971780801767656e-02 1.954422425994178231e-02
5.596027397819111071e-01 4.775433902389166624e-02 1.221054604160886660e-02
5.723675523450244551e-01 4.344523915039465861e-02 -8.868396833002686538e-03
5.572072415896862640e-01 3.598615123765418200e-02 -1.580360420903728982e-02
5.401364667451691304e-01 5.964863197550217960e-02 -1.299980929650024555e-03
5.461820620760057254e-01 4.113529981126948232e-02 -1.129002538572415441e-02
5.608937250108255723e-01 3.375600234699135949e-02 1.595305441493034826e-02
5.763559556046521370e-01 2.722538560137984301e-02 1.673476667312362443e-02
5.945794235608520273e-01 3.173380852627241677e-02 2.231234863821824482e-02
6.125063890927334720e-01 3.215542316447357607e-02 3.506989223585280091e-02
6.053111118438765370e-01 3.372748463064585006e-02 1.939899643967673074e-02
6.264721229954011150e-01 1.032874948827568543e-02 3.807831397009320273e-02
6.286350748241795738e-01 -2.397947986211592525e-03 3.962250935597930873e-02
6.549999874816453405e-01 -1.845247888367274221e-04 2.960265565396723308e-02
6.586122011685766608e-01 3.374713543095571311e-02 3.156391883262126691e-02
6.627015799958336784e-01 5.994696599776733886e-02 4.473833243422752765e-02
6.616297894787359635e-01 6.332903056402031106e-02 5.080416767843362602e-02
6.694813721701989850e-01 6.631140288415168782e-02 5.420459178583564297e-02
6.634641681337626329e-01 8.491877248477996964e-02 4.161704815482215880e-02
6.650660706339794892e-01 9.917838968408018707e-02 1.926830572962633104e-02
6.650340187495233923e-01 1.003671455645111232e-01 1.386182191150491481e-02
6.814325454389783543e-01 8.077838952524454830e-02 1.348837081879814166e-02
6.877856573153398045e-01 6.026482619054029932e-02 3.905521878440439132e-02
6.819222925325856277e-01 5.641954974523380462e-02 6.887275046301363779e-02
6.745160548840358761e-01 3.178867810377505876e-02 6.669618215401405814e-02
6.709397695528983574e-01 2.899434022845753800e-02 9.146594382322469075e-02
6.780949476974015289e-01 1.618122597913410760e-02 9.040747713030929111e-02
6.999988495157138946e-01 1.375003124014644723e-02 5.695027040896182696e-02
7.179030447482824817e-01 3.490908881112231299e-02 2.682218091266366441e-02
7.226719621662651694e-01 6.496905534592653519e-02 5.104244816954911501e-02
7.097438368564327194e-01 6.906072004074889636e-02 5.935023358444542485e-02
6.963863998268682298e-01 3.321251477673635433e-02 1.995111812099792381e-02
7.151573552342818108e-01 4.924320032502829680e-04 2.888347440425084733e-03
7.216421073353269655e-01 1.492077794090801652e-03 1.074737459815652309e-02
6.970548451508389309e-01 1.983761812053107948e-02 1.595576386493225904e-02
6.623998886780584350e-01 4.267326968947687815e-02 1.797119871558072388e-02
6.426596212495983007e-01 3.213487293413763712e-02 1.689591103906828290e-02
6.415485061379889720e-01 1.049884072426600368e-02 -7.226339638399803533e-06
6.614483088759945950e-01 2.150992553891665354e-02 1.684566828102285890e-02
6.878139892938527344e-01 5.082736852150433055e-02 1.987376960930799241e-02
6.987393791602464210e-01 6.851296890894838232e-02 1.347276005222743794e-02
6.538050806019428673e-01 4.845939421676899450e-02 3.865786736621278086e-02
6.453994191273241254e-01 4.499338839435252507e-02 3.986291245013074552e-02
6.588236936436357993e-01 6.075334463922315437e-02 2.824667987827120252e-02
6.381721181102513185e-01 2.709575900476482446e-02 1.125657670891100706e-02
6.294497813856470003e-01 2.023764644338908042e-02 -1.304404554920039414e-02
6.016281482845591277e-01 -8.229917968515486348e-03 -1.591024428279359804e-02
5.588675561425464622e-01 -1.161206683997765242e-02 2.150211773765488277e-03
5.377416730808532996e-01 -1.909846082928295247e-02 1.119571887898423643e-02
5.245340542197730604e-01 -3.568424040199878744e-03 2.517721661023732127e-02
5.218184955256945923e-01 2.948289601473549904e-02 4.256393773121604218e-02
5.314004586759963900e-01 5.744663827004266310e-02 4.515387400413294755e-02
5.196350101084349360e-01 5.941721018411311867e-02 2.973945268952282381e-02
5.296157086043403739e-01 5.832547334170943426e-02 -1.554946473056289732e-02
5.359744677765762022e-01 7.871727235583331206e-02 -1.110006787051025928e-02
5.039854452773322446e-01 1.002260089975802182e-01 1.097847050327216412e-02
4.878158003340168358e-01 9.126300358227396048e-02 -1.757810029251642009e-02
5.020316526640562493e-01 6.823942908992763900e-02 -2.031401262711231628e-02
4.900717365862983232e-01 6.152111892288668338e-02 -5.098739634930297970e-02
4.879051615428533495e-01 4.018962096836560527e-02 -5.934162929635416334e-02
5.079725534675058052e-01 8.042560415368070481e-03 -5.997573004242291728e-02
4.976672182274592959e-01 1.888623578368845736e-03 -3.703216748552567994e-02
4.740091184492644660e-01 1.655182307189875801e-02 -1.332534174614050451e-02
4.826706565844525176e-01 2.496106465929491536e-02 -2.179946045235776203e-02
5.034311484368447775e-01 3.317946804481373968e-02 -1.566618720872905296e-02
5.434930497605626742e-01 3.946368367471052296e-02 4.383746281073280099e-03
5.692181032715354361e-01 3.300598242534556054e-02 9.076963552086316292e-03
5.946930927271379952e-01 4.339359156170772419e-02 1.168955118291211369e-02
6.268535390373981553e-01 4.150278643612267254e-02 3.227178232154290227e-02
6.338020809734217220e-01 3.417927814912678774e-02 3.111585255214702195e-02
6.192929656075303324e-01 5.646905889121457689e-02 3.384777036302504677e-02
6.383271484811517960e-01 5.701325061210746337e-02 3.604727855415894300e-02
6.458926454137097206e-01 6.446587485186251743e-02 8.732886734385828659e-03
6.406379139816053003e-01 5.555078361143736543e-02 -1.609071288269652705e-02
6.449256229118556227e-01 3.979562347638933295e-02 -1.645101968465579462e-02
6.392197919929474281e-01 2.623898128050895784e-02 1.125925142516353769e-02
6.482296798160056550e-01 1.574077128340679865e-02 2.756305682246797117e-02
6.712622663843978987e-01 6.259150660918201894e-03 2.656831905960512635e-02
6.849596347263482432e-01 1.506646135231693578e-02 8.047467307059900932e-03
7.211507853494892872e-01 2.529723107478304422e-02 -2.183402989420283463e-02
7.356320213075201453e-01 2.304647788823997040e-02 -2.243277200405046495e-02
7.354554801716799428e-01 3.396051991915216561e-02 -5.351252220066413795e-03
7.362119491704163243e-01 3.023704826746979185e-02 -3.801670776556720453e-03
7.311194650924554006e-01 5.327282846412020184e-02 4.608320915539393381e-03
7.030904172413121600e-01 7.958964508978938479e-02 2.043225483178816304e-02
6.759331469045464225e-01 8.273051262251711335e-02 9.863965925393181067e-03
7.115333309564213504e-01 7.255296571307436049e-02 -8.040473724104275910e-03
7.123999299267423924e-01 5.687020755944064559e-02 4.863583629629596172e-03
6.881369441501904438e-01 3.485923977901048132e-02 5.283775464291469090e-03
6.754095420033513486e-01 7.838013408319331049e-03 -2.209108703749129016e-02
6.609201287171276862e-01 1.097574460297480632e-02 -9.551120247797065602e-03
6.554109863818479154e-01 1.492815610089982120e-02 5.337722892531430313e-03
6.727197964577422695e-01 3.411688835469598585e-02 6.850541877931057635e-03
6.773167825937659314e-01 4.291583600636864060e-02 -8.625812383419735260e-03
6.889266633555775066e-01 3.532000542451923381e-02 -1.339623449876290937e-02
6.791544150347412767e-01 2.468515717769520501e-02 -4.517112900242038764e-02
6.736558206096050494e-01 1.218350888280639484e-02 -4.850164363166711845e-02
6.441369128244485154e-01 2.053731239886946031e-02 -5.872445353701724602e-02
6.271350239531876536e-01 5.831896269267702881e-02 -5.698566398150608364e-02
6.065490102429555996e-01 5.746253962194930454e-02 -4.877538292360516364e-02
6.181169957235778112e-01 5.290878138645303125e-02 -4.878806912382114419e-02
6.425228593825254020e-01 4.927078224577993021e-02 -4.342371133665116206e-02
6.759784668697490506e-01 4.091073063414471522e-02 -2.895721719118245913e-02
6.786254012748771380e-01 4.587344391488611811e-02 -1.976891908005187076e-02
6.955403355291835954e-01 3.750325271926585602e-02 -2.710950814732785916e-02
6.874875080831429619e-01 4.418455336467310562e-02 -4.330398227604045913e-02
6.804530449604394571e-01 4.668700982094492469e-02 -4.808772420047875695e-02
6.608990009698302304e-01 5.217720611186900392e-02 -5.999592775172783721e-02
6.726537836324441022e-01 7.199932270413308966e-02 -4.296890533025540804e-02
6.725949074686824458e-01 6.725581178817408023e-02 -2.492379768548851765e-02
6.774379364740720222e-01 3.595264007204464901e-02 -4.059023566740119215e-02
6.859938356517560898e-01 5.481530290763012014e-02 -4.340895284868947351e-02
6.974818226155865553e-01 5.193949639413002195e-02 -5.181110435852424867e-02
7.200900011733761819e-01 5.662210354211116153e-02 -4.238214126649330477e-02
6.990225955749476139e-01 5.758762743653083466e-02 -3.682603356066067868e-02
6.986501389022276021e-01 4.247044790616529009e-02 -6.268147648267715505e-03
6.956932650797753581e-01 3.422545376259887584e-02 -1.270913384705305883e-02
7.040645117087768190e-01 1.965574253708166075e-02 -2.570638915020100057e-02
7.098472840135799933e-01 2.431971407386032680e-02 -2.738025068727844777e-02
7.321884754579124355e-01 2.745369561577959416e-02 -2.099339806832531755e-02
7.477235979913201547e-01 3.363870048612925545e-02 -2.178360284006464892e-03
7.558413617353575420e-01 1.544289213125073223e-02 -2.115039729939970862e-03
7.548442226319839188e-01 -5.610903879512196130e-03 -2.356841337585034377e-02
7.371436928257828480e-01 -2.317730233282724872e-02 -2.510659393012917850e-02
7.236168408986033418e-01 -1.459048824058904389e-02 -2.289120017944766203e-02
7.215684086737754743e-01 3.140974967706437054e-03 -3.005551335278006109e-02
7.192573323243209860e-01 3.362359347104211527e-02 -2.148999354881894058e-02
7.174755655782366626e-01 4.885602812392453309e-02 1.288333821244291161e-02
7.100360940959467015e-01 6.243780156085577265e-02 2.138768628916895911e-02
7.147711961956347837e-01 5.197522830953241885e-02 3.143309839829877550e-02
7.169820780743128008e-01 4.810224209364002967e-02 6.214859999665577062e-02
7.142150868630624538e-01 6.284228065315090872e-02 6.807558631300481000e-02
7.169976679680395426e-01 8.076517129115309834e-02 6.369073767269133046e-02
6.738780107190005531e-01 8.710769268511951713e-02 3.740304930778216852e-02
6.504313434735300437e-01 9.890135204375627431e-02 1.253498531752997996e-02
6.601582173630829997e-01 7.964018699025962600e-02 -6.773925669899441560e-03
6.637025702379433234e-01 5.127305178476170011e-02 -3.569807349583671574e-02
6.604653064872542112e-01 3.842594650618917640e-02 -4.841767035851005790e-02
6.768740363912894020e-01 4.561010775605203738e-02 -5.644977813640294356e-02
6.700153713940799616e-01 4.801306214947278356e-02 -6.969810432333445327e-02
6.460009940801710870e-01 3.076235798504107707e-02 -6.269123434134109274e-02
6.453198045448050868e-01 2.844593021176987022e-02 -4.268422243428772467e-02
6.371357641211856659e-01 3.848492068757838197e-02 -2.777886395999601410e-02
6.311465810823688738e-01 4.447481031266931756e-02 -7.696988422448040185e-03
6.431314559257315100e-01 4.111360684681860528e-02 2.371884252759800735e-02
6.465184263632933748e-01 5.443277449770557441e-02 4.829292933032749979e-02
6.410967855228978385e-01 7.055707985679079974e-02 4.816164131541143117e-02
6.620044189360376752e-01 7.412101855788959248e-02 5.868279506264391376e-02
6.833296129782322481e-01 6.702935591786848835e-02 8.027040678700513021e-02
6.933165937640236587e-01 4.675330997409574835e-02 4.956797047013650204e-02
6.788451661533472237e-01 1.703765250010264715e-02 3.885219517853021054e-02
6.696228474670034014e-01 3.332024839284708495e-02 2.997038646564401804e-02
6.905181071925249325e-01 2.283447995971257805e-02 2.180296499244553654e-03
6.934607898443280183e-01 6.174136142554409457e-03 -1.212669831824714044e-02
6.896915543623612921e-01 -8.555167455796170578e-03 -3.206350481228444071e-02
6.827036833138878658e-01 7.571478464852121615e-03 -3.161371209832954110e-02
6.713097560044873902e-01 5.992034216229315952e-03 -3.040956013464805180e-02
6.882739585076891320e-01 2.110489924988941807e-02 -2.798112657208981155e-02
6.915416611444348272e-01 2.130867741156634507e-02 -1.157205730368288804e-02
6.816735431196915274e-01 1.631987181898883477e-02 -2.017801257009339475e-02
6.571329729347660242e-01 3.854143980159842331e-02 -1.068969869106641338e-02
6.556661705867926626e-01 7.571480138284295003e-02 -2.128857358896559665e-03
6.455493270406637007e-01 7.317283996282868130e-02 1.752738713251975056e-02
6.323880713572874734e-01 8.057409934432037402e-02 2.452436073794936333e-02
6.307514214332440305e-01 8.571936947638310322e-02 1.283746819074095720e-02
6.428796790379533999e-01 7.853148795765230172e-02 -1.183162819468137200e-03
6.612951695219836390e-01 6.611349777551164819e-02 -1.908407476123183746e-02
6.594582175258251189e-01 3.895875485699240581e-02 -3.347063940093176343e-02
6.790490740512135082e-01 3.118154767026172502e-02 -4.652584162229706638e-02
7.214425046594067359e-01 4.583817372777975602e-02 -6.621254381653429721e-02
7.340553149916002607e-01 6.504230730532463423e-02 -7.048365625608024598e-02
7.284928425563171883e-01 4.928505962843189592e-02 -1.021109700437501100e-01
7.253860568142859178e-01 2.205941745935360854e-02 -1.166935390565165820e-01
7.349925414995371886e-01 5.979393490549971685e-03 -1.219468742238395964e-01
7.411265006139837741e-01 -1.093394082580984722e-03 -9.410966053565164580e-02
7.497882403664000162e-01 9.849220115658375782e-03 -6.919422350038985370e-02
7.302109816924269303e-01 -9.298044550069052908e-03 -4.060530194966502360e-02
6.891823800954528512e-01 -5.810874025054367162e-03 -1.831272364440435230e-02
6.355645571611989730e-01 7.175645894485691706e-03 -2.517455651900078750e-02
5.998181112153547767e-01 6.126028590193904541e-03 -2.269205639155164045e-02
5.943484376994431218e-01 9.300244576387620837e-03 -3.713802704373289632e-02
6.145093779215927698e-01 4.283450393707317894e-02 -3.690783943416217627e-02
6.084857028554128133e-01 5.718143944667283124e-02 -4.302444318073658097e-02
5.959005486039697930e-01 8.069931123137057127e-02 -3.045332330448188504e-02
6.180561932476705822e-01 8.175683685532381118e-02 -6.681545102764623739e-03
6.523136207352857596e-01 7.187280939748824649e-02 1.895957300701447273e-02
6.609084139228823540e-01 4.652539110191690475e-02 4.407760976395847657e-02
6.497837581802642370e-01 2.354528115318721068e-02 6.863718993614952024e-02
6.316410747821661342e-01 2.363815171558021969e-02 9.096217197441222591e-02
6.160213024395563286e-01 1.311606736471866014e-03 8.174964363892765762e-02
6.107130917933151215e-01 -2.110815633348477049e-02 6.172725587674869618e-02
6.126711354917443453e-01 -1.915000240880978394e-03 8.948734670777389044e-02
6.231916932453892555e-01 4.284915649827491547e-03 7.785417981158010425e-02
6.232781263642012126e-01 -4.328680950280448629e-03 6.485710470566170838e-02
6.156006957518094236e-01 -3.997261271490070225e-04 6.452811979677545995e-02
6.184635326466336736e-01 3.602764484751519794e-03 6.937111197842107946e-02
6.282702437868177281e-01 2.526547819977034010e-02 4.654320336987602391e-02
6.288110605525605301e-01 4.324587408340482830e-02 -9.582101182604753353e-03
6.383172160350858437e-01 6.277844256303879988e-02 -4.235260454216333015e-02
6.434474023243808016e-01 4.937693384199731694e-02 -7.038027819237570315e-02
6.376543580145767054e-01 2.820289857201932135e-02 -6.010455096435442235e-02
5.993018222742024781e-01 1.400373922615920017e-02 -2.264865024917828845e-02
5.832276887602504400e-01 1.777857930558524036e-02 1.739596316868378262e-03
5.822345917643851898e-01 1.860110291277363576e-02 3.227325558043913235e-03
5.801561566047948038e-01 1.017592545660713291e-02 9.240710500749642342e-03
5.742522597637110815e-01 -9.819626520327171676e-04 1.507634856570417604e-02
5.644512749144130481e-01 -1.046230200833226168e-02 2.791647562447334419e-02
5.712541832106668993e-01 -3.859791569555256346e-02 2.510804050850324459e-02
5.620821273439396970e-01 -4.356379038921128627e-02 2.739924138235351470e-03
5.780589130045200585e-01 -1.927330865624326747e-02 8.363221059995033790e-03
5.789181815446254875e-01 1.844784364027764537e-02 9.728218282894170177e-03
5.868160417603014434e-01 5.127644704412761406e-03 -2.026434900353925664e-03
6.084941942380452939e-01 1.019650877100183872e-02 -1.093150107772252692e-03
6.152643233575502135e-01 1.526070934701259652e-02 -7.453734972197052083e-03
5.991217612584323060e-01 -2.168165978105394270e-02 -2.446145189845306753e-02
5.810561882714455617e-01 -4.586199533963955521e-02 -4.790472053869425373e-02
5.969601753875536376e-01 -1.610520003608787235e-02 -3.299252576699724521e-02
5.918394871036756211e-01 1.240671289673750052e-02 -2.002863391591143752e-02
5.816225550020087676e-01 8.335349676076679593e-03 3.843708491999865695e-04
5.800265767223976576e-01 -1.831235190682333619e-02 -1.272117268526584688e-02
5.692526935239405894e-01 -3.768436486534437746e-02 2.444658936559882326e-03
5.642995932641023948e-01 -4.904029075655895464e-02 1.832888790102349397e-02
5.852561105907820860e-01 -4.537933758692652003e-02 3.871792128930859334e-02
5.673657651326603490e-01 -4.105860226484019104e-02 7.509544224957509506e-02
5.777591944855891004e-01 -1.704709451718222288e-02 8.572249909984669403e-02
5.644006078638500457e-01 7.700762522591109160e-04 7.619843522159178151e-02
5.529117225436362970e-01 8.269719705703997004e-03 7.490705096738740909e-02
5.396382544026773198e-01 1.979237519734900613e-02 6.681318070373255813e-02
5.403323216546433994e-01 9.603894278217015371e-03 3.228472008060558757e-02
5.305970953569577597e-01 -2.280324608149588567e-02 6.526074711871798772e-02
5.482138419992514944e-01 -2.384318276072183024e-02 5.992512811025665909e-02
5.811451804330081128e-01 -1.942414643411832093e-02 7.012493447196289920e-02
5.981718264988357125e-01 -2.064611276520984459e-02 8.381925203914031286e-02
6.075556253366432014e-01 2.534898398074431763e-03 5.931844152421203442e-02
6.374185759283942376e-01 2.070722354950226343e-02 3.556980253648525658e-02
6.358276410843599624e-01 -5.012284839901962746e-03 3.571649009504324068e-03
6.313498072566084973e-01 -5.630958654844258823e-03 3.107931755162837185e-03
6.340607347997317955e-01 1.643418754829940182e-02 -4.091557916809315104e-03
6.420896794604745716e-01 3.139755587897004319e-02 -1.784710347549597204e-02
6.393374615626257196e-01 3.376396377159637113e-02 -3.206580153676319433e-02
6.456373316368357873e-01 4.184541451694355485e-03 -5.083389756281349314e-02
6.413877941784289494e-01 2.384329057886793932e-02 -6.123187062878782116e-02
6.547063662603277434e-01 2.219885687675029334e-02 -4.299850748681952051e-02
6.619705771043142839e-01 2.680989842248335947e-02 -2.519028918003261841e-02
6.678097527995002780e-01 3.102847327988962275e-02 -1.420655462525242420e-02
6.393881988681272555e-01 1.429354751777843491e-02 -1.112968708404218909e-02
6.261202300815711386e-01 8.616034724399382339e-03 -1.446090491807189293e-04
6.586209551077399915e-01 7.594135070961712322e-03 1.447826086567665684e-02
6.441940338347822426e-01 2.378208290407667763e-02 -7.793592775377987739e-03
6.349778544917763501e-01 9.934000513162165660e-03 -8.994643949497935220e-03
6.277193118798756188e-01 3.186005307795908986e-04 -5.708878562065564793e-03
6.249513752602373629e-01 8.499055337600104273e-03 5.768134259568463360e-03
6.501302122644956327e-01 1.531799515874236912e-03 3.949077291300805842e-02
6.707107048322671350e-01 -1.338368668326576222e-02 5.046671909826824093e-02
6.903077478671295619e-01 1.079468129426684048e-02 5.481293584128677648e-02
6.953069048932863927e-01 4.457581654541778460e-02 3.112900579974814050e-02
6.991366453883601784e-01 7.294717523629029587e-02 1.686529117594882249e-02
6.886873845244798620e-01 7.383369175564871711e-02 7.408701837177386618e-03
6.966989748592963272e-01 6.311001268060230374e-02 -5.602256688823076605e-03
7.074839695126562411e-01 3.678265560083747443e-02 -1.308555733474608615e-02
7.105832669664594592e-01 5.495029512532175614e-02 1.100801434445836113e-02
7.173127039029659757e-01 6.462070781322608315e-02 1.855941240844281859e-02
7.094909524927777156e-01 6.876447086455300672e-02 3.890726251732654073e-02
7.084285436667584479e-01 6.804320396527906156e-02 4.708290450330562815e-02
7.121060767328439844e-01 6.348320055738301826e-02 3.736201624289929579e-02
7.117917543879619391e-01 6.120594666490112440e-02 4.771705532887925150e-02
7.089921237917407026e-01 4.972494784229773701e-02 3.831600879745839655e-02
7.079339933512630578e-01 1.988124879259548991e-02 3.760633989765923418e-02
6.962628071801786334e-01 5.531983708579027784e-03 2.643636454154488571e-02
6.924951407589886587e-01 7.348674126145068701e-03 3.772303444220510144e-02
6.931608112238395458e-01 -2.564914974611607300e-03 3.014985682511404919e-02
6.692080504841634303e-01 -1.259131416577559739e-02 -2.709694535157972095e-03
6.795368170882741810e-01 -2.547821064780445705e-02 2.303855470004725903e-02
6.885268416853824736e-01 -1.166790799054851294e-02 3.493146280905091994e-02
6.849250605269345815e-01 1.493377209835470079e-02 3.991921655932902102e-02
6.612668943202848482e-01 3.247638501617877010e-02 3.546602996304071276e-02
6.430923334991914819e-01 2.122016135239251922e-02 2.500993077972944387e-02
6.160437172531354477e-01 8.590256344130233965e-03 1.926787773168647799e-02
5.993403445471364721e-01 -6.391644319620920153e-03 6.256897920321642659e-03
5.787808992913069384e-01 -1.564604736540235394e-02 1.713617843555615555e-02
5.834394480820807027e-01 -8.625945788347938459e-05 2.325210873753412802e-02
5.584870215038196806e-01 1.660954338647338893e-02 2.227466537893888626e-02
5.548761102868702277e-01 3.888893885452675975e-02 1.889241575746909013e-02
5.738838515781756744e-01 4.575173132235964280e-02 3.424908932148591073e-02
5.896478745899343954e-01 1.646822233916818423e-02 3.681582722198621649e-02
5.984176681649446827e-01 2.105554164726175514e-02 1.409637651131018243e-02
6.180055460833945302e-01 7.785969136393545986e-04 -1.703666148029199176e-02
6.230808040339789189e-01 1.284116003572183425e-02 -3.391835504216224317e-02
5.990833940402772173e-01 1.375812117137025815e-02 -5.045789228809430260e-02
6.050693980584478382e-01 3.783661936288609112e-02 -3.908779471737097722e-02
5.932847740032760608e-01 6.145458021646253710e-02 -9.726164622265172366e-03
6.088582264304926994e-01 9.861933082461853128e-02 6.069614601149898175e-03
5.956306248606340059e-01 1.086753440954206090e-01 2.117499501759922964e-02
5.960443472832614997e-01 1.061674481978607948e-01 3.774320097887685910e-02
6.142755016727324824e-01 8.571338169895623138e-02 5.082675400986882974e-02
5.969823338644656419e-01 8.109387583643838660e-02 4.544819734737586686e-02
5.840092236029451600e-01 5.980096241014475761e-02 1.099264984730902173e-02
5.693968808990275132e-01 5.724074564996495251e-02 -2.412277155878114060e-02
5.667058655097680919e-01 3.596396930474593523e-02 -2.075192920468771351e-02
5.952506742261683970e-01 2.837253759869909006e-02 -4.226024643269575554e-02
6.070614385711786687e-01 1.922522186722539980e-02 -2.835820372910467096e-02
6.246349194354869905e-01 -4.200236705939160847e-03 -3.943965156037329556e-02
6.465791240242019233e-01 -1.184638175521686779e-02 -1.158549869363097173e-03
6.618830810409562782e-01 1.464533027215497718e-02 1.508220378288645247e-02
6.707629688364618037e-01 2.305548063092134961e-02 3.490748033834076280e-02
6.685277116640826467e-01 2.053695160729578084e-02 4.592340175873239894e-02
6.515472169680199821e-01 3.856021610803262584e-02 4.322436224557323070e-02
6.290978112756023810e-01 5.188039121346178090e-02 -1.371455327620417497e-03
6.010455163126244837e-01 4.050826980586600540e-02 -2.166449733995669952e-02
6.068820148284337357e-01 1.368075418182370176e-02 -3.512690208312415491e-02
6.433779713558467339e-01 1.522035392240370620e-02 -5.690026064091971425e-02
6.602169273555105189e-01 9.716123795428585966e-03 -5.582132574679327802e-02
6.740589618176426878e-01 -1.086436988063682087e-02 -6.368986758498788869e-02
6.694875372426843940e-01 -6.785058762337313129e-03 -5.790041692509460131e-02
6.588178790071492763e-01 7.534211080877260477e-03 -4.953108998805870467e-02
6.471037410629417730e-01 1.705802630223025168e-02 -4.769948779060093763e-02
6.560452138804776512e-01 8.559426886220744546e-04 -2.854088270268335947e-02
6.542387750911059507e-01 1.023626343595743747e-02 -3.133392656229407741e-02
6.567407746349612774e-01 1.250266395921916310e-02 -2.972661204168664320e-02
6.423600312766144516e-01 9.939510866959731794e-03 -8.701636462660596039e-03
6.433664283275033480e-01 1.827411988972303669e-02 6.939459866934533094e-03
6.700610656869669945e-01 2.708850624268953344e-02 3.812812940134416989e-02
6.627513002762285277e-01 4.008576411103098591e-02 4.953366834889298687e-02
6.615681496570288145e-01 5.367212814316608266e-02 8.769902676178893686e-03
6.865654233273169593e-01 8.266715732007318129e-02 -2.723834774320268992e-03
6.700118587633633327e-01 7.576025921882184599e-02 7.923190096592012260e-03
6.515690306399317677e-01 7.485108841062622365e-02 -7.231265293627206492e-03
6.474734783521961523e-01 6.785663350505009850e-02 -2.258126988857534108e-03
6.258988749403622265e-01 8.773487350977193788e-02 -1.762493419860759747e-02
6.248466161484216297e-01 6.523385203166506829e-02 -2.143494033491715953e-02
6.112688245805801834e-01 8.062522117414011591e-03 -2.216564642536617349e-02
6.296036904722449590e-01 5.201441856651972673e-03 -4.143908931228065806e-02
6.335219726399977658e-01 3.693457167881407377e-02 -4.788337734248439281e-02
6.035890391596939741e-01 3.050390263671770574e-02 -6.234502558031139452e-02
5.999428216735502861e-01 3.997014982555592566e-02 -6.664727323396608949e-02
5.870379865276977860e-01 5.996194350913647969e-02 -3.801855515294098875e-02
5.604768148477008438e-01 5.016628165311784460e-02 -2.126164188574376085e-02
5.584462473799332027e-01 4.039767413359401926e-02 1.158931769459680544e-02
5.751756884844683171e-01 3.852942679085637201e-02 1.677079901007467316e-02
5.713798137261270060e-01 2.317439070809151902e-02 4.020590648676826764e-03
5.898550172046290729e-01 1.473937890776781667e-02 -7.370275645427132663e-03
5.729010625174536520e-01 1.210729555213779438e-02 -1.218635020537388661e-02
5.784874376626270021e-01 6.090855519582218450e-03 -2.279184352171961109e-02
5.712256663348159735e-01 5.607708772594976153e-03 -3.756972087863821863e-02
5.527428156795243241e-01 2.507138402429150842e-02 -2.374694599592338390e-02
5.660939201112994423e-01 5.124114929859648060e-02 8.611899223624180921e-03
5.533477948888315678e-01 6.140033289029509650e-02 1.590314045990327829e-02
5.290888622328555613e-01 4.311078229760685609e-02 1.610148161703892078e-04
5.178380382386247316e-01 1.512216282567695191e-02 -2.942328603925610173e-03
5.017206468468050629e-01 -1.561076310047044766e-02 -1.919820201223052664e-02
4.924565870816540736e-01 1.209414058384346638e-02 -2.052844638536412136e-02
4.900403636608818281e-01 2.099451886926093080e-02 -1.847930496352929997e-02
4.861340306543438516e-01 1.540818708749237646e-02 -1.323127841279274006e-02
4.653103876074489165e-01 4.692479052423124963e-02 -7.926561800631164167e-03
4.462318777004598003e-01 6.043988638433081539e-02 -4.257405159476607137e-02
4.546804782185124849e-01 6.846587785946506299e-02 -5.253694974424367309e-02
4.634031863491852032e-01 7.610403202537950607e-02 -4.944149074290134921e-02
4.751620581203567784e-01 9.377709559649231863e-02 -5.636020089422586615e-02
4.797220638522337599e-01 9.407602792276351100e-02 -7.620154358002242945e-02
4.729785217985789103e-01 8.174674172391482863e-02 -7.829079613542645755e-02
4.438726601869274480e-01 8.315455063366175570e-02 -5.922478343616985330e-02
4.438089331046528585e-01 7.471660817791191123e-02 -4.371229744655691363e-02
4.200474486166263510e-01 7.402485563696531434e-02 -2.954824958306405056e-02
4.093392041132782877e-01 4.499137235717234895e-02 -1.274285004519027861e-02
4.075930855761824567e-01 2.354041943863915964e-02 -1.494064486110054102e-02
4.071741828865972912e-01 2.907991469711655730e-02 -4.113539234715924905e-03
3.982242506857596176e-01 3.482309843994003257e-02 2.040551827336102575e-02
3.563177697846516834e-01 1.836717196384961628e-02 4.069983164896479044e-02
3.352301847586580119e-01 -1.405000773787582272e-02 2.499928339749740366e-02
3.207046593987484262e-01 -2.097053652474351743e-02 2.097003002223018359e-02
3.223931714170895635e-01 -3.830294502458342354e-02 3.576452315496266021e-02
3.360540277023864597e-01 -3.346274732164467025e-02 4.762692646803707436e-02
3.572357461870289130e-01 -4.979788645021299143e-02 2.154689553512566247e-02
3.535146506452023218e-01 -5.316224429405684571e-02 5.034407784288057880e-02
3.758951756900378860e-01 -4.427438767270145542e-02 6.889608297602226039e-02
3.970635854436770362e-01 -3.352621509660462518e-02 4.797157952870891029e-02
3.822760845795002971e-01 -1.240291357910240644e-03 4.840047224733742132e-02
3.866117525286565937e-01 1.327392493168158029e-02 3.651312705762013028e-02
4.120633915963865523e-01 3.389851573211925123e-02 2.270538996439388710e-02
4.214373769190140062e-01 4.281320133234566006e-02 8.478329419015270124e-03
4.587857955353176753e-01 5.074954430180127207e-02 2.358111119411729351e-02
4.723649035487297310e-01 4.545436573416265780e-02 1.606279547499402452e-02
4.778046728809624555e-01 3.968589629521807050e-02 1.435045962439206353e-02
4.665756605822298786e-01 5.053743086036716764e-02 7.839881474174088816e-03
4.641637976676946664e-01 6.897600064132618225e-02 3.223218492719878703e-02
4.638202999854824093e-01 8.070954268762654815e-02 4.809925741156338697e-02
4.545916530764635421e-01 7.679273321922540363e-02 3.493642787915276354e-02
4.840654341492798829e-01 7.359831120177388886e-02 2.238784314274023385e-02
4.895376383112111096e-01 6.660544815512631223e-02 2.855708649639997210e-02
4.784501007571956843e-01 5.477016687373223447e-02 3.202668907415418681e-02
4.849040419834270144e-01 6.007608384755187131e-02 3.705570982960303822e-02
4.877324147170800095e-01 6.532423355806334098e-02 2.962229273215580966e-02
4.719076407988329058e-01 8.340799156856272545e-02 9.537067760553481072e-03
4.623484231395958988e-01 4.638444100040763768e-02 2.440782546996450586e-02
4.672366393162476483e-01 1.269140008435810235e-02 1.837986393715928743e-02
4.556694147024983876e-01 -2.115005362191075405e-02 -1.585531626328295918e-03
4.639455298210953815e-01 -6.552409532304054318e-02 -2.124714670800289043e-02
4.988114335252231690e-01 -7.350476680184574174e-02 -6.062391165021385753e-02
5.081558060611712779e-01 -4.832779281959782847e-02 -7.005124467476087080e-02
5.287569950545329966e-01 -2.907745525977498829e-02 -7.176754606479095189e-02
5.200909946297309627e-01 -1.756903368950817057e-02 -6.009353854314997828e-02
5.083693251512293454e-01 6.148830909955098345e-03 -5.394258648005429563e-02
4.851110146809456403e-01 2.120200077666675384e-02 -5.545001697813533442e-02
4.808801760927929325e-01 4.056412128295822095e-02 -7.127022566014830363e-02
4.881728249996120095e-01 6.337716681768360005e-02 -6.883590753638692272e-02
5.216195715955741496e-01 7.434055994734063699e-02 -4.935017659099949494e-02
5.480373205757960164e-01 7.693949129296874523e-02 -5.592053508355683544e-02
5.564558549503033635e-01 8.033180759888521039e-02 -5.653757773792841834e-02
5.582004371129699605e-01 6.181221187294028835e-02 -3.727736310713243573e-02
5.631640233082044755e-01 4.432662407248270237e-02 -3.952550851200659771e-02
5.557000407227138394e-01 4.694083024248087155e-02 -4.972964694036329653e-02
5.719377351815028154e-01 5.122911376704136072e-02 -2.584351871199928180e-02
5.939581348645265324e-01 5.982630133342455719e-02 -1.835906403685576629e-02
6.044828203136805023e-01 4.126062826875172979e-02 1.224663304767280650e-02
6.130807382276697304e-01 5.535164876760349795e-02 1.963841124671290156e-02
6.504375952507438496e-01 4.124958101193722942e-02 2.004393660711545691e-02
6.391543157108788842e-01 3.286333997163205095e-02 3.414875342270055208e-02
6.158100635545822321e-01 5.925803157411289185e-03 3.525880049951363171e-02
6.032800506408284580e-01 -1.769390374169456034e-02 3.879156580263693616e-02
5.872255073863520414e-01 -2.017667029800543355e-02 5.376301887127306334e-02
5.757944057792993009e-01 1.222654897295950838e-02 5.273562735046661426e-02
5.947253575521382896e-01 2.456936098073601513e-02 5.894767976940824827e-02
6.023260302347633877e-01 4.669261988911589667e-02 4.025567176070943276e-02
5.774428554374327893e-01 4.433764671390050260e-02 3.569008511692377261e-02
5.733432098001715049e-01 3.714958074830591178e-02 2.785955370443439494e-02
5.358174621265053839e-01 2.686377277683082293e-02 2.014004007383345812e-02
4.800180789572130458e-01 4.882007024083945268e-02 -1.143378226876379244e-03
4.503599434850258931e-01 6.031717005596723413e-02 1.523428975151084469e-02
4.403752935816619973e-01 4.971541400047349568e-02 8.961079420029688380e-03
4.144023270571718376e-01 3.738261703081503795e-02 1.324534477799781985e-03
4.243836248642005038e-01 2.700979181949083111e-02 -6.433117950612379961e-03
4.458646862614090711e-01 1.077056144641044128e-02 -2.686593666402008543e-02
4.547437117791132133e-01 1.974801820701345759e-02 -4.131072968516900229e-02
4.833212645831347354e-01 3.729334351241070378e-02 -3.956592585281585445e-02
5.046259483531422285e-01 5.259451242638236296e-02 -3.700495123186884477e-02
5.368364445208724245e-01 6.506399118492628419e-02 -2.270016025372952051e-02
5.600821066606176402e-01 5.077296031280882638e-02 -6.023796773262000970e-02
5.580855817666001695e-01 6.166993287671354573e-02 -9.585969977738574566e-02
5.522277156475683402e-01 6.234693456099130171e-02 -1.178505175289536605e-01
5.370617429090922545e-01 4.449439726686407748e-02 -1.556056501050829266e-01
5.148179934705421346e-01 2.503545920820828691e-02 -1.331441562789684174e-01
5.148301671824115910e-01 2.255438155091904484e-02 -8.346901486550487026e-02
5.148624000716689464e-01 4.739292100516988293e-02 -5.242663297257024735e-02
5.443266927056535920e-01 7.340227173734129029e-02 -2.361307517484474011e-02
5.677725049782045286e-01 9.260286060172730205e-02 1.001587602632498381e-02
5.663584140072852602e-01 9.710383308266633262e-02 3.085039958944862937e-02
5.580823812934625483e-01 7.908114439853003441e-02 8.872912609860676009e-03
5.315502855273421812e-01 5.826792924465284962e-02 9.026764316088573339e-03
5.208741111895170972e-01 7.387358447773566261e-02 1.856056265562087623e-02
5.215283958017977728e-01 8.673188953670830925e-02 2.262233434115872022e-02
5.208636390797173332e-01 7.202225769771967989e-02 3.916490185984421168e-02
5.405872475154728241e-01 6.106631646395835333e-02 4.334423301662955474e-02
5.346291126461932830e-01 4.934334069111478982e-02 1.176689328841313414e-02
5.267025243321731276e-01 1.865038221671497243e-02 -2.071804768491919413e-02
5.106766468246611845e-01 1.822879002925364283e-02 -5.254622872536893197e-02
5.197637041246403466e-01 5.043327039479067464e-02 -3.493525481434583968e-02
5.299325937678718290e-01 6.187269847922819560e-02 -3.445317729745049629e-02
5.311000896361884882e-01 5.964218883970058560e-02 -4.246120936665982032e-02
5.147878599307624814e-01 6.451494766949449067e-02 -4.471432959374212202e-02
5.006744189403554701e-01 6.615655425313837767e-02 -3.134266677457289707e-02
4.906058274014513110e-01 6.917824696599922385e-02 -2.554273006288706668e-02
4.920761581120839390e-01 7.459957563820747428e-02 -1.542982954435895976e-02
4.694319135254491626e-01 6.796781896699652381e-02 1.381146172763770760e-02
4.936482781024277289e-01 7.939508666421177252e-02 4.096978424867986357e-02
5.013396624302701721e-01 1.066670897597182255e-01 4.006142266737119234e-02
5.021698948160466802e-01 9.858106883084084837e-02 2.390439007810550576e-02
5.099487271776314001e-01 8.523195583175127710e-02 8.429439681595705600e-03
5.313796292868140370e-01 9.827315907176398246e-02 6.576363418755525048e-03
4.998824210944110558e-01 9.726909636769244527e-02 1.069999599527212547e-02
4.961854401578802420e-01 1.263663305957372085e-01 -2.349380844784922442e-03
5.175503012516381451e-01 1.355354850753332230e-01 6.091050386377699563e-03
5.342672359600547649e-01 1.181915696364495422e-01 1.655018202370301533e-02
5.408774049145861351e-01 8.487347851995005743e-02 3.211770246453139743e-02
5.404010628497593061e-01 8.705935816289150919e-02 5.281651449990114322e-02
5.412360099759429000e-01 8.349072043200542192e-02 4.799549628447834226e-02
5.496292471203473307e-01 6.349823904222254289e-02 4.476148806907415123e-02
5.673859229508319002e-01 3.747375974280121869e-02 3.478951770670425658e-02
5.712400041348739688e-01 2.210499520645063665e-02 2.066618511925706614e-02
5.701761293101071937e-01 3.853259310850736669e-02 3.400818276751563923e-02
5.874726135141746797e-01 4.126541695094648049e-02 3.074308217739669252e-02
6.216661493701453045e-01 6.300502878777122784e-02 2.741008110430858541e-02
6.350244972594394355e-01 5.849202376494556238e-02 1.753502838304607514e-02
6.357796712838617026e-01 6.719385518815948477e-02 2.200678503785644460e-02
6.583302259635102072e-01 4.384136151707621748e-02 1.710682103642296309e-02
6.864455180157876812e-01 3.009012487264359215e-03 2.482722862664489549e-02
6.893331139254024187e-01 -1.684656412869220757e-02 6.665690305208693545e-03
6.834280360168506485e-01 -1.756630769317792107e-02 -1.634129640751352114e-02
7.009139374098722897e-01 1.220328154232984408e-02 -4.868018138883928314e-02
7.263071753304819467e-01 4.006902099507143877e-02 -7.170960842585563655e-02
7.277624815633665367e-01 3.735007337927132715e-02 -5.235510314950359012e-02
7.016560581129004381e-01 3.177670524116023992e-02 -2.655817341749050486e-02
6.934756890975104504e-01 2.713387494422853097e-02 -2.204061358737274823e-02
6.730141119867818489e-01 2.725143980063111926e-02 -2.044939305004378829e-02
6.691956159631361478e-01 3.085474199748958896e-02 -3.284051851240762931e-02
6.622873791711767488e-01 3.275403353851435995e-02 -1.228982874423550226e-02
6.561215936867214049e-01 1.056274764210561948e-02 6.845283109207681710e-03
6.670668077453297817e-01 3.922279057338418605e-03 3.567026795441234632e-02
6.780797879010960205e-01 -2.938015581493494399e-04 4.641921635544623420e-02
6.947470209687273135e-01 -1.118984026495934737e-02 3.338883410291722947e-02
6.868639925466768492e-01 -1.256224114681705681e-02 2.285602478366552393e-02
6.642125154212004112e-01 -4.091955704733045429e-02 2.459107540438498427e-02
6.475908029584269698e-01 -5.765979131692676452e-02 2.003391075629398776e-02
6.451734696256641310e-01 -4.225513749121156265e-02 1.988046156702667766e-02
6.451362726835203620e-01 -1.661750659931825885e-02 3.162822996131725573e-02
6.516738757718207875e-01 2.161088477563469223e-02 7.736175006867768156e-03
6.539500861675153764e-01 5.192540677171430391e-02 -1.340608269980094955e-02
6.531337037139592905e-01 7.047500147552418492e-02 -5.591513056823101124e-03
6.511111323507192683e-01 6.294650669468464244e-02 1.357718455274542144e-02
6.662923864900653914e-01 6.711729141963278245e-02 1.731984610949575953e-02
6.493713562623877333e-01 5.100699172532500991e-02 -2.311569841225585148e-03
6.065732394206808653e-01 1.353576267694488883e-02 -1.414229711519562806e-03
6.000459412805658754e-01 3.972310695312812265e-03 -1.254882400478282006e-02
5.984615099670484994e-01 -1.435592512653040102e-02 -2.809703268589248265e-03
5.907082794593444541e-01 -3.411712094892809660e-02 -1.993464298357996295e-02
6.106886565767661867e-01 -1.238285478428702291e-02 -2.675571669374749578e-02
6.437343868608953468e-01 8.045863863275128786e-03 -3.451231303631854125e-02
6.444046781835099935e-01 4.532238020277025783e-03 -4.740246873414959150e-02
6.472327122576322367e-01 1.168644875750494104e-02 -3.034690978286132615e-02
6.674594901434196537e-01 -1.443925361532324460e-02 -1.501367343016158859e-02
6.900500496119650329e-01 -2.433897079224070503e-02 -3.782097741776620226e-02
6.949318716588633871e-01 1.252598551852001502e-02 -2.165860307502284407e-02
6.993224946482385906e-01 1.306812802886795494e-02 -3.876937638518481583e-03
6.953985780280118600e-01 -8.917805733709920080e-03 -1.792881614292237379e-03
7.065141484872262678e-01 2.318967488546850447e-03 4.943117249872817226e-03
7.098097137047822969e-01 1.775565838697653470e-02 -2.758459637689555238e-03
7.196166217681484456e-01 2.125942485343338892e-02 -1.753483521293750652e-02
7.018720623421659255e-01 5.803029041939901378e-02 -3.346577898051762701e-02
6.829593834350560222e-01 6.524275181364530551e-02 -4.992523612637111280e-02
6.725973589043330314e-01 7.869363754038774528e-02 -3.969663132233739594e-02
6.776491608272848799e-01 5.264133633317889110e-02 -2.733411561292121636e-02
6.699167006460071683e-01 4.745570150367013629e-02 -4.197922121877738916e-02
6.555456868067630616e-01 5.593818887494232672e-02 -4.241172315647801644e-02
6.382483736237425376e-01 5.798825364989500242e-02 -7.802668101972351500e-02
6.281983053071037437e-01 5.216117103941170230e-02 -7.019961029960913867e-02
6.151284331895653379e-01 4.776418165603741467e-02 -5.091137240897442018e-02
6.084488345563168199e-01 3.797695828429140802e-02 -1.864847555548656416e-02
6.052723406071615075e-01 2.468274813117921074e-02 9.856887426093360188e-03
6.057271501876339004e-01 1.694556091670319786e-02 3.295596680326152300e-02
6.312444651852466837e-01 1.781341325697454250e-02 1.998845159036964289e-02
6.467541541117253212e-01 1.253589541966550203e-02 2.988294140628330875e-02
6.478922109989572187e-01 -5.749254303636965047e-04 3.019777901475733523e-02
6.410355470873969619e-01 9.716438468807124182e-03 2.553864414131417487e-02
6.270360657545290817e-01 7.916083642249566871e-04 -9.414815369943124734e-03
6.296917191121037538e-01 2.714606926572647044e-02 -2.332255051430977971e-02
6.177912587171271452e-01 7.566277605362842912e-03 -2.786555872293741687e-02
5.967446137976322174e-01 2.146769441513055043e-02 4.187349870079029590e-03
5.603589257467610496e-01 4.667494339654723601e-02 2.203038982420069819e-02
5.658913087203516490e-01 5.851880214770216471e-02 3.470750001125933598e-02
5.937229255368715597e-01 4.852326814298039970e-02 4.207150601616513330e-02
6.374830309810861628e-01 5.471579368729695414e-02 4.617150423551776711e-02
6.568633143307393008e-01 6.198214674364095622e-02 3.755119626225897345e-02
6.589860976808317172e-01 5.271147910829028504e-02 2.779129607030652455e-02
6.897395507925279112e-01 3.495591311006592677e-02 1.893320615249970140e-02
7.036253351220996821e-01 2.599740461158627294e-02 2.113096451325981173e-02
7.046276733477557785e-01 2.757036476294194571e-02 3.391915228650720093e-02
7.110751248853091067e-01 3.239231428549184388e-02 2.923673727227199190e-02
7.147461695675366711e-01 1.650396735249915967e-02 1.379283641316334658e-02
