# x [nm]    y [nm]    z [nm]
0.000000000000000000e+00 0.000000000000000000e+00 0.000000000000000000e+00
-1.548722195440013771e-02 5.844378493631977034e-02 -4.560960792619087045e-01
-2.419273366990472296e-02 6.342149504494762335e-02 -5.435120429046355062e-01
1.873738043636281880e-03 4.937862591742547824e-02 -5.039529736883023858e-01
2.768434419549225395e-02 4.183721240578167078e-02 -4.212496097237717341e-01
4.570880755598197981e-02 5.713535411756745508e-02 -3.292411573157592031e-01
6.602767091595163063e-02 7.999565250561839480e-02 -2.597338418751241607e-01
7.475729516960598342e-02 1.145484728762754811e-01 -2.080373219288539632e-01
9.427365466344087008e-02 1.551783500925000281e-01 -1.656428454871790856e-01
8.335225490769621048e-02 2.000717598239913353e-01 -1.151367806112944536e-01
8.616131019300214688e-02 2.069747779639021790e-01 -7.612074418707037715e-02
8.644547318459465390e-02 2.067435507774982584e-01 -4.937385878194940070e-02
5.106490457309503100e-02 2.052061978972585798e-01 -1.774311030045445242e-02
1.209681873687279419e-02 2.051463937901755186e-01 1.210469034378518771e-01
-3.015130640955782787e-02 2.012202262369567063e-01 1.273446781092339442e-01
-1.692453579897306576e-02 2.109027093374442885e-01 1.232577148081856894e-01
3.284473820936568284e-03 2.179911891472031960e-01 1.081635018125045589e-01
1.323678166445574345e-02 1.784948218651340457e-01 1.143168944765995398e-01
1.681381614881456363e-02 1.419726024873356474e-01 1.029983312948688640e-01
1.378429149096782776e-02 1.698779584533671450e-01 1.123340366000093044e-01
-9.280458748938459970e-03 1.867601780267935940e-01 1.113962659483030831e-01
-4.019526037826932387e-03 1.880373439061892027e-01 1.021902200193378213e-01
-5.814893942374119509e-03 2.024334701104123224e-01 8.219730960164486899e-02
2.850165774546783992e-02 2.204437116917117856e-01 9.850404234572840423e-02
3.558327745675167464e-02 1.932423750309645305e-01 8.390830009821365065e-02
2.817664702402269961e-02 1.764029413229990517e-01 1.020509682039959232e-01
3.793893017936213891e-02 1.855031689241782300e-01 1.017527553907840998e-01
3.732061408749717812e-02 2.137256159997131810e-01 1.115293244835730141e-01
4.201281769518392523e-02 1.926592803313189051e-01 1.019595343881205540e-01
6.304572953358908438e-02 2.147137450930265423e-01 1.098437371373723187e-01
7.831047052999266789e-02 2.051082640440708982e-01 8.910308930760250934e-02
8.136615432053168062e-02 2.232828590676792790e-01 1.080888440899989006e-01
7.676235516697857419e-02 2.552466062984929396e-01 9.821926792907294257e-02
7.371508267602108755e-02 2.952267564905168840e-01 6.150133670760390275e-02
9.548186250848481049e-02 3.117154076638097848e-01 2.232366353072005871e-02
7.312487369913996116e-02 3.781347730420903108e-01 8.996289438446332387e-02
6.629090898374855045e-02 3.741387501805644722e-01 1.146790770483752109e-01
6.810033414257074535e-02 3.634728895360117562e-01 1.333667599642932577e-01
8.617712790761250519e-02 3.567212307493003998e-01 1.364302608395892014e-01
1.055222338590559306e-01 3.613606374329920157e-01 1.426159694428035529e-01
1.122086182458972015e-01 3.528653816933214338e-01 1.169829289718165855e-01
1.283852545450629712e-01 3.533430917517870196e-01 9.206758748329327280e-02
1.340780515844581522e-01 3.668055189588796949e-01 6.146898296128380790e-02
1.464755768894184795e-01 3.413553688806653108e-01 2.157655589674885299e-02
1.074804689978254985e-01 3.979272585462746981e-01 1.616440211448580966e-01
9.585597821531305351e-02 3.536395826052748936e-01 1.423148771770031129e-01
1.029819873156565535e-01 3.421745138074414050e-01 1.003790337622610107e-01
9.929919817677894389e-02 3.455035241506695387e-01 1.013706829889365890e-01
8.587222252308687742e-02 3.455992259631637253e-01 9.676575591398071940e-02
7.161578329926274189e-02 3.581281336913054725e-01 1.017171676329740454e-01
8.098379321560837674e-02 3.632060734448920858e-01 1.020358722497409082e-01
6.754925228065289389e-02 3.793006737277369034e-01 1.047592588030266531e-01
6.269157045539511253e-02 3.667270698725860201e-01 8.740612512908062237e-02
7.522864110748880839e-02 3.657398540384450558e-01 7.918230880533083660e-02
8.692618961711366665e-02 3.684173860614307072e-01 6.463939413363714581e-02
9.768216677205442122e-02 3.761115334660683485e-01 5.915440903128141303e-02
1.288437712933573898e-01 3.898133593769967375e-01 4.827884846938614027e-02
1.507546619318955450e-01 3.628907662640528109e-01 -9.702131871416656839e-03
1.440042826947090515e-01 3.571975626679586568e-01 2.018635745893625488e-01
1.338218177674347087e-01 3.562026578361114360e-01 2.678115700939320831e-01
1.740807157342692535e-01 2.072457588807488649e-01 1.579102288113058694e-01
2.025638843784740850e-01 1.626218447581520288e-01 1.047769716306679311e-01
1.465574948290241375e-01 2.544178942540424315e-01 3.614816211951465963e-01
7.922710458847452564e-02 3.050868003332904421e-01 4.142458097753686230e-01
5.068130674948609360e-02 3.226755065476126783e-01 3.640959722827523670e-01
4.145806819174915892e-02 3.375671967566996057e-01 2.856990253135999192e-01
4.958724316530627174e-02 3.179141945220682053e-01 2.159068626991755280e-01
6.729622065021134691e-02 3.188643198663877465e-01 1.595668884177317837e-01
6.331685453460826618e-02 3.076731672857892508e-01 1.310701972292778461e-01
7.473429063737389855e-02 2.933184698554062164e-01 8.173068239924805023e-02
9.575399043768741125e-02 2.948035815542445204e-01 3.624645594130905535e-02
7.562476834235030976e-02 3.395082417709576750e-01 6.733801427719202093e-02
8.473982065644693196e-02 3.442384806790440011e-01 5.573285550311619235e-02
9.975661962130245863e-02 3.626719490101694143e-01 4.996494951685898078e-02
1.242213604321766030e-01 3.622936656223313401e-01 9.790538715174698647e-03
1.374375321938003935e-01 3.879702580797972367e-01 -3.914654042363551606e-02
1.407728630617646470e-01 4.219967490374124663e-01 -3.998569944970029044e-02
1.357072229317162482e-01 4.301884290015767776e-01 -3.398020220310547790e-02
1.234885153931351426e-01 4.485293463310839890e-01 -3.615226636364446411e-02
1.084853796575082630e-01 4.446792873639442978e-01 -2.766936720974039893e-02
1.062819629622634987e-01 4.403150616787664395e-01 -4.030341586976720486e-02
1.164037986940741620e-01 4.162538202207135551e-01 -2.536316351105329103e-02
1.132336883327140914e-01 3.925558709972253868e-01 -1.938428248273599275e-02
9.825019299706555520e-02 3.722101586833043152e-01 -1.132605918439490503e-02
9.059139974539293094e-02 3.665620729573770276e-01 2.413009336694314222e-01
7.193249888367185541e-02 3.710779767025927933e-01 2.975607518164129495e-01
6.666818557849499283e-02 4.118677414097298706e-01 2.784758602794117355e-01
5.331609238491129971e-02 4.238611738847819499e-01 2.204585952925818271e-01
7.571777064620649478e-02 4.451078050146418108e-01 1.590288121115800979e-01
7.518098840603781863e-02 4.464233198269289549e-01 1.065333566395074427e-01
6.396512018418097634e-02 4.502183581929336542e-01 6.865618872153150809e-02
7.599927948525855848e-02 4.645724765552787239e-01 8.073355846238727818e-02
9.904563341804555054e-02 4.722875878982982778e-01 8.079709173604468497e-02
8.697595479225442294e-02 4.586632958287399919e-01 8.148534810494592606e-02
1.317845715663741313e-01 2.905426549552114768e-01 -1.732241879694498832e-02
1.549966830753514158e-01 2.188427527509396175e-01 1.352927619939300052e-01
1.566254194949491252e-01 2.083777173295410234e-01 1.837894859696536098e-01
1.237599188473807177e-01 2.171196083732190862e-01 1.792814312025530765e-01
1.050153954005100809e-01 2.316671247492930186e-01 1.487574366819561789e-01
8.678857415373553152e-02 2.483190030889375621e-01 1.260588522872029826e-01
8.620703454936387566e-02 2.627617723619227741e-01 9.717917829486241721e-02
7.091415206352359724e-02 2.549819393506491672e-01 3.565588659757691625e-02
2.816037463573935196e-02 3.280671102603925360e-01 1.583770122778406508e-01
-6.904687995539164624e-03 3.580901348828136599e-01 1.781016201497463425e-01
-6.448311121836150517e-05 2.947930223619248391e-01 1.298065180111822037e-01
-1.793993572118214586e-02 2.682100413911096548e-01 1.082929846586840605e-01
-4.526023558945751341e-03 2.814099429157613241e-01 9.739634190946321046e-02
1.335717948386948295e-02 2.932879117264290403e-01 9.584434317991080698e-02
6.983220803040423273e-03 2.781678746332010288e-01 1.117883874336668137e-01
2.842309950339230382e-03 2.773913136302298965e-01 1.157271471438218180e-01
2.382830814961749144e-02 2.802907074019396760e-01 1.072720735646249535e-01
4.070992938712866827e-02 2.747610183062153544e-01 1.158164439387696087e-01
3.551043180607477145e-02 2.620960383583129105e-01 8.898552303671283803e-02
3.183592659232687555e-02 2.609391580596780447e-01 5.587930601756126159e-02
2.324221378584030370e-02 2.579764958760278337e-01 5.653920983081657525e-02
-1.190441719419519859e-02 2.557237067271949660e-01 7.137841428650648634e-02
-1.682008259304087344e-03 2.744311755534191155e-01 6.750040825704105296e-02
2.164990707298561703e-02 2.656761033385975912e-01 5.947762636414279103e-02
7.035952328006249423e-02 2.750043176694489944e-01 3.346669388762878172e-02
4.467035270017826604e-02 3.517216690425991055e-01 1.388726327845615227e-01
4.616050820004320016e-02 3.747026309953338519e-01 1.742176119282612401e-01
8.547301730596121305e-02 3.066542162525020543e-01 1.232713490185053107e-01
9.577365097779121095e-02 3.050242726110142799e-01 8.966057283480821649e-02
1.299575832008328380e-01 2.907291579877970822e-01 7.852665321097632156e-02
1.252567972769639826e-01 2.860066205916875770e-01 7.565566062183538831e-02
1.300280476353397885e-01 3.307761433126575890e-01 8.148858767012172322e-02
1.574278754933221003e-01 3.621386309656182134e-01 8.423941909125332028e-02
1.760469720712772579e-01 3.600797178555516509e-01 8.839580811281991246e-02
1.955486263586281859e-01 3.383794506176055483e-01 6.640679396416621083e-02
1.887026412074593873e-01 3.720373573608725115e-01 6.601123879899316316e-02
1.927352287017407018e-01 3.806647688068043878e-01 5.529640609665585627e-02
1.961982257563552878e-01 3.731466900274523213e-01 5.381636952940396790e-02
1.831621967423274766e-01 3.749257249887867904e-01 6.089289160749876417e-02
1.753217820500000412e-01 3.530227182399952590e-01 1.565670370597189304e-02
1.677537438807788772e-01 4.189674394790198209e-01 -4.065958387252540523e-03
1.867858295044890760e-01 4.201563027457939636e-01 2.537219546112759461e-01
1.878943470630390078e-01 4.043566191213970318e-01 3.276903941328655478e-01
2.086541851907792733e-01 4.113793124921096833e-01 2.936523413582336484e-01
1.917740821304117771e-01 3.880337139746093400e-01 2.609627230460776492e-01
2.076401335585004448e-01 3.993989968305357574e-01 2.187851374886568834e-01
2.442516212531657682e-01 2.976110711599485037e-01 1.177649177595703200e-01
2.351008718376010054e-01 2.728467115018689548e-01 6.888796475500293115e-02
1.584305692705658963e-01 3.984023326222843053e-01 3.607530230516928227e-01
1.591801666967290474e-01 4.287770116469205028e-01 4.010769510328667242e-01
1.287776289880273872e-01 4.406593037043732841e-01 3.543487557675155664e-01
1.348849012578400564e-01 4.154845764656766027e-01 2.828542429130556091e-01
1.588479397159578699e-01 4.191022922934761197e-01 2.244834695501422561e-01
1.503542308514510262e-01 3.907581268423699350e-01 1.786379034203393612e-01
1.435476431484420390e-01 3.617729412262693511e-01 1.202205255284013452e-01
1.542134201811838634e-01 3.759886710847345492e-01 7.598064177809599196e-02
1.805368210669806572e-01 3.966243676827720943e-01 4.309811215251742322e-02
1.755839629384909617e-01 3.921486299601656955e-01 3.790345735103898411e-02
1.610510969886562171e-01 4.110952550820280438e-01 5.362189460800565605e-02
1.635914822241444355e-01 3.938599365132626207e-01 4.075153506654484448e-02
1.781748568548153500e-01 4.079958269019409722e-01 1.997384197529493768e-02
1.686123355286419656e-01 4.200132276119977193e-01 3.798429392810086930e-02
1.657360430082973346e-01 3.979556872543490997e-01 1.243255387773985893e-02
1.887562349089568770e-01 3.926074923978991604e-01 2.047018696825844697e-02
2.181054595814000407e-01 4.029630243030615233e-01 1.672354986979811275e-02
2.049562744465616704e-01 4.154106841729600652e-01 1.253722668538461218e-03
2.304496376328440121e-01 4.225335762320889810e-01 9.061595485536694250e-02
2.517941594037242381e-01 4.057136762569393262e-01 1.247426256411263423e-01
2.559719435312460822e-01 3.951178985178669389e-01 1.281899537895551111e-01
2.711128532017821335e-01 3.859830985392376235e-01 1.184934742872902624e-01
2.989446414741639413e-01 4.028104394456230586e-01 8.280617810886084507e-02
2.986689988018365050e-01 4.227263185854251426e-01 5.997411722123660582e-02
2.988048652674307748e-01 4.414622713063935389e-01 5.848560694851163977e-02
2.925274314435130640e-01 4.363547260101416359e-01 4.429990283935851536e-02
2.629496976393631003e-01 4.244113746178526658e-01 7.867426204011307433e-02
2.345309500174749262e-01 3.925856181791496091e-01 4.534167763366743487e-02
2.039540349369659000e-01 4.309142879265905890e-01 1.128868501203037222e-01
1.941031711121695702e-01 4.169103912488992814e-01 1.406762999751647591e-01
1.728228899360148285e-01 4.177287951472338223e-01 1.339462338496878735e-01
1.655159720784310784e-01 4.349685650991028107e-01 1.290817891958778163e-01
1.683219360078849758e-01 3.940174772556520599e-01 8.895438239572944772e-02
1.690353351336486287e-01 3.508081822745847678e-01 6.620807790677776805e-02
1.503553575880178239e-01 3.481229160352924956e-01 2.531967845440709353e-02
1.301312927587904289e-01 3.857553517637938301e-01 9.284192411898227471e-02
1.209472668513187493e-01 3.907512251594096875e-01 1.192699389853902336e-01
1.369104805048657891e-01 3.798164127631061260e-01 1.378528146387977826e-01
1.343377555420846303e-01 3.769094365487958842e-01 1.847892756343240961e-01
1.341464644121720395e-01 3.762028391920085868e-01 1.771995842445975855e-01
1.403181134062378987e-01 3.675705458003833415e-01 1.625808086635648075e-01
1.253811840862119054e-01 3.865350414942591573e-01 1.416425262153228337e-01
1.248766378239345165e-01 3.972186504958554187e-01 1.127175760990103137e-01
1.154881180065401025e-01 3.961992955519377246e-01 8.768090059224110944e-02
1.018056348008268830e-01 3.859835341895024863e-01 7.622513870705714678e-02
8.732220587486881624e-02 4.124221361582651735e-01 7.571907540085461019e-02
9.380135518254333060e-02 4.222889668606825131e-01 8.202010081473971870e-02
6.900222296378853704e-02 4.278270660339626996e-01 1.049138364905478626e-01
7.218145452122470829e-02 3.433983301096697471e-01 7.187455147922576504e-02
9.102037963011319621e-02 3.153683036677080720e-01 5.867206204886402793e-02
1.029030797474030229e-01 2.919960992925634269e-01 3.534905613720300266e-02
9.279406884465177252e-02 3.475848255872217574e-01 8.973651249725214663e-02
8.458621560152944363e-02 3.791085690174453293e-01 9.843221891648926136e-02
9.862324378959157201e-02 3.936560962337455338e-01 8.210718184542256659e-02
9.669065263620420236e-02 3.738463997195358157e-01 9.164573054179053768e-02
1.012330724051138386e-01 3.782825083917179532e-01 9.010667690462610679e-02
1.006118079775260021e-01 3.950431807523038241e-01 8.391459377706325662e-02
9.840522086607896013e-02 4.146720838298147971e-01 7.813673508180256355e-02
1.123742451670656922e-01 4.024080282483306625e-01 5.703155535274721799e-02
1.158225075571246154e-01 4.233432195340451898e-01 6.915317630526604531e-02
1.030485985784304753e-01 4.356953801406545090e-01 5.619359730603990660e-02
9.220305052644964250e-02 4.207999951712540487e-01 4.634895056392192292e-02
8.748513065823572410e-02 3.948012252854146142e-01 5.087937711086473747e-02
9.094521971418757789e-02 3.901228005970557855e-01 5.841165939258922274e-02
9.467683410995984816e-02 3.931190373464407140e-01 7.252836168789585092e-02
1.052608591561483287e-01 3.881751643930073103e-01 8.776798719788808656e-02
1.231106315282664287e-01 3.778331741676200783e-01 8.507185807610295747e-02
1.623922026492142789e-01 3.731592307585998580e-01 9.235940220599433981e-02
1.941669112538361996e-01 3.202535634134939801e-01 1.071855448975801428e-01
2.244018498062969880e-01 2.853583665508945266e-01 8.480679238579721946e-02
2.000422227765473460e-01 3.209096148880759558e-01 1.479619339453382421e-01
1.983873483302855678e-01 3.154421269051761456e-01 1.382630093161919815e-01
1.890040312270962197e-01 3.121671870895122436e-01 1.146582526808516550e-01
1.820135622837510125e-01 3.008351906721483671e-01 1.063723043476337005e-01
1.763550644276750123e-01 3.335143980509436834e-01 9.134812494172268871e-02
1.550035561897506464e-01 3.220302383623656617e-01 6.685245412956017375e-02
1.317817794537126663e-01 3.346816511210096157e-01 8.685460043434542476e-02
1.161791710978007791e-01 3.322387310911824043e-01 3.580857867108841464e-02
9.092938621758106521e-02 3.749639812220100232e-01 7.735694149821753518e-04
8.100544415920686581e-02 3.844192306125616687e-01 7.588024551756465674e-02
8.393344910718300578e-02 3.754235513204082220e-01 9.928544916733671177e-02
9.070682343093419697e-02 3.764214461745211682e-01 9.688151834989718048e-02
1.198189515575955044e-01 3.756436774224276021e-01 6.356053026865471356e-02
1.192000462938379163e-01 3.511948983098104882e-01 4.660587836152595143e-02
1.275064311665072558e-01 3.344089662494342807e-01 3.030004269091777017e-02
1.240628101516334097e-01 3.574973709208398853e-01 7.733122052144653091e-02
1.354374680805219555e-01 3.611087461278347788e-01 6.489637022448957460e-02
1.590204206112688368e-01 3.227910136632572979e-01 4.247443767238685136e-02
1.578681157715314254e-01 3.298466601938038756e-01 3.762937517452345781e-03
1.519824024420715902e-01 3.444910350474679195e-01 -2.020596555557545582e-01
1.382334081701540873e-01 3.600429007801893011e-01 -2.591239582196772084e-01
1.151321156142188495e-01 3.716142816814431704e-01 -2.516201899908646622e-01
1.182273117856949135e-01 3.680486513100132973e-01 -2.187515745777897647e-01
1.205215556787384013e-01 3.602167008183236319e-01 -1.938870245681855731e-01
1.519370253349620059e-01 3.731149510770400135e-01 -1.680241756319363344e-01
1.795974652521561687e-01 3.698587333368663632e-01 -1.205645137258562760e-01
1.964287050078454555e-01 3.858248013559857914e-01 -8.347412283630403773e-02
2.045212670654142362e-01 3.981876723673053453e-01 -5.573604716128909009e-02
2.013054725501624842e-01 4.090670289421332040e-01 -2.174489632542734446e-02
1.887150925333587193e-01 4.320563119690097320e-01 -2.035675810452663992e-03
1.730846441636904876e-01 4.162130450470069576e-01 2.305264429882577515e-01
1.519264870632583420e-01 3.940292447173426860e-01 2.813467548464616552e-01
1.199966662667922013e-01 4.142423469752631870e-01 2.573725912855542308e-01
1.255312944256800622e-01 4.172513381149885459e-01 2.154262577180021676e-01
1.538962477619766900e-01 4.080039890264515745e-01 1.968781661166551789e-01
1.841109648211562422e-01 2.357695137900816529e-01 4.196714046499971928e-02
1.542148635961524406e-01 3.132148768303594788e-01 1.596756893944893119e-01
1.239448947642216858e-01 3.538859897597484427e-01 1.643145100225013866e-01
1.046662316751753585e-01 3.853673955453653099e-01 1.525974056989945482e-01
1.173751872332206569e-01 3.777226957631028559e-01 1.285556060902791620e-01
1.204939835222722383e-01 3.845444249349753152e-01 1.231024153854156367e-01
1.029398638069123351e-01 3.603164163833184053e-01 1.069495582458316330e-01
1.004986792428594206e-01 3.454324371624725165e-01 1.004934091337655044e-01
9.110178097577399658e-02 3.370174489735687784e-01 8.055257840569800265e-02
8.963462601166971577e-02 3.529577988545191669e-01 8.075418072617082665e-02
5.202404375237967837e-02 3.410529696539023603e-01 9.108579240393911702e-02
4.797513141492667360e-02 3.552016466445148124e-01 8.823379428588623563e-02
5.171268761192085450e-02 3.579882285847691414e-01 8.382710783691173229e-02
3.851225744295649900e-02 3.535392260934663855e-01 9.403413665659475507e-02
6.048266478024755255e-02 3.377164220576441833e-01 1.157798749376511560e-01
7.024323955167384448e-02 3.290722058360482372e-01 1.060154038686253603e-01
6.144693008174979820e-02 3.302601604440144056e-01 9.207494820471673336e-02
3.959251546929384857e-02 3.396937274309021482e-01 7.565559202264068861e-02
6.878238276616076285e-02 3.422991297376284381e-01 5.475736507425293248e-02
8.772877690141220319e-02 3.268762923826324385e-01 3.349218641580017919e-02
7.504829316532289629e-02 3.403766288586294042e-01 1.409378298123156181e-01
9.728938822644715712e-02 3.703951791924701142e-01 1.645418458299739983e-01
9.740928130292000886e-02 3.826015617826379889e-01 1.653316157933161501e-01
1.313925626124438084e-01 3.852471647723441639e-01 1.114145529191162137e-01
1.350108193843462256e-01 3.958270217570717397e-01 1.122684092398704564e-01
1.404801451945278945e-01 3.776724158158452638e-01 1.007665931139618970e-01
1.386741147081172743e-01 3.516674309779388441e-01 7.349026851065554311e-02
1.522577223906186328e-01 3.471077667580214077e-01 4.217056836579761298e-02
1.297591222930043475e-01 3.963544862990441842e-01 8.758279412653061091e-02
1.421357332038670207e-01 4.397192206981430096e-01 1.042371022980285444e-01
1.390197444187416809e-01 4.228206705047796721e-01 9.878364858004015647e-02
1.392906064408293010e-01 3.965451239148843898e-01 1.078635306171943919e-01
1.286046893467897578e-01 3.675556577995579000e-01 1.095581358894656271e-01
1.454524641342529179e-01 3.337086733771172931e-01 8.520290381738199192e-02
1.744827956771683453e-01 2.970289498433194009e-01 5.957518727376794054e-02
1.514151671031092883e-01 3.588144531962042527e-01 2.096705118095233966e-01
1.608098343158048671e-01 3.848150343603932155e-01 2.642336073849078648e-01
1.331760141998886149e-01 4.119758567428500329e-01 2.536068592680425504e-01
1.446469026872306829e-01 4.300813116491831178e-01 2.237233076629846773e-01
1.357854326194661287e-01 4.193376796474702073e-01 1.812930084792759855e-01
1.328522482756004930e-01 4.186658262480295045e-01 1.391570375950783589e-01
1.446290668660653311e-01 3.901141480810517148e-01 9.581298757546938272e-02
1.653708866314622106e-01 3.718444499421731941e-01 4.892755928128624671e-02
2.071045402204543529e-01 3.917018418379002442e-01 1.991473767106802240e-04
2.018742721551423092e-01 3.925335987925419046e-01 4.889388736099362781e-02
1.729681760325156026e-01 3.902193366603742275e-01 5.624197559418701170e-02
1.889963497753885113e-01 3.635771359998343222e-01 2.302468697337903270e-02
2.099026335519253161e-01 3.972534164214429064e-01 2.496094854333846813e-02
1.741827879407816804e-01 4.157794374290935124e-01 2.151298156833824499e-02
1.446882397161430023e-01 4.270509298294350442e-01 1.460565758911126430e-02
1.376579841381925795e-01 4.195866433774957382e-01 3.311457858058922815e-04
1.269841219582492631e-01 4.089517478919576510e-01 1.088094044890274004e-01
1.084425345928597129e-01 4.083617698167504861e-01 1.498326435026953452e-01
1.293803958959719724e-01 3.321781513533194063e-01 1.075674587952512307e-01
1.404347328846598797e-01 3.182356049645419516e-01 1.194067282898921972e-01
1.309574424970432194e-01 3.145711515276741199e-01 9.928967203999064517e-02
1.547012232561474909e-01 3.243976096192350833e-01 5.626946412682345966e-02
1.447315913958659717e-01 3.359895162924283474e-01 7.031822782339486322e-02
1.468898333643650911e-01 3.213669250325503213e-01 5.585275027209549159e-02
1.293911909226133361e-01 3.502995873298302421e-01 7.655052636951298339e-02
1.625611343474233639e-01 3.344746317622075971e-01 5.102976108337277383e-02
1.531455473360515129e-01 3.558123310576172260e-01 9.770373181187547162e-02
1.363814688301311917e-01 3.360680236999137871e-01 1.173596250254539675e-01
1.284014546847659366e-01 3.257622961073457502e-01 1.145783850588979608e-01
1.134072661287877648e-01 3.357290489861409766e-01 8.451730234682029719e-02
9.994962568311124840e-02 3.098662632451225640e-01 6.414792763926698005e-02
9.723067573537978736e-02 2.702515869211109534e-01 5.616261771353585341e-02
5.048182910622811548e-02 2.945878550695208986e-01 1.484737980579290406e-01
2.541880297260687427e-02 3.241664777551672150e-01 1.687784131932163756e-01
-1.467232681908743619e-03 3.345710492313049844e-01 1.732904461669315943e-01
-8.585954654364635202e-03 3.325191602902066168e-01 1.408914220099507508e-01
-1.041515418372515080e-02 3.543195367316118172e-01 1.213402379034707046e-01
2.321667255994493140e-02 3.880807928571111676e-01 1.280270455942504604e-01
3.894464992280978477e-02 3.654941412800558065e-01 1.234125574061669534e-01
6.356998883319991966e-02 3.564858706119261034e-01 1.183091886166013074e-01
6.309838885776149209e-02 3.471170132974163436e-01 1.286588748734730503e-01
5.484744660575014558e-02 3.370799167707427269e-01 1.582258294914914432e-01
5.911437262965747730e-02 3.341329863400102629e-01 1.609828344956910351e-01
5.290725298271317656e-02 3.292586386349018457e-01 1.315789356637750152e-01
5.184048601819770535e-02 3.510382725784522151e-01 1.245191130953489378e-01
6.931174542260890026e-02 3.477017466852072025e-01 1.134486673303315707e-01
8.320682988090292997e-02 3.572884236600539221e-01 8.154129463953195545e-02
6.608730210226164414e-02 3.639025187760858149e-01 7.922416893291500672e-02
5.170895691940120831e-02 3.665330555469827334e-01 9.337518596934601955e-02
6.025540413265330353e-02 3.601088601715248250e-01 1.003277868075317658e-01
7.712242327379119355e-02 3.466390415330067309e-01 9.115079928168047518e-02
6.416721012416072567e-02 3.501607499563682002e-01 9.717193061816420396e-02
5.094331412500792411e-02 3.659001368117474895e-01 1.021840389743980670e-01
4.990593868711750564e-02 3.669559443223588957e-01 9.340902203649963098e-02
3.569327872977955812e-02 3.785360981926530477e-01 8.196799518426436948e-02
1.915437395741067389e-02 3.439499824763617708e-01 7.706089055621785644e-02
3.033496935613361895e-02 3.408719291196971590e-01 7.273436817581105385e-02
3.969727737135072404e-02 3.593872999729847972e-01 7.148754683124659837e-02
4.635538000152537863e-02 3.790120990595717831e-01 8.379972321465499474e-02
4.879971433932387553e-02 3.915494252503849415e-01 6.660783299181659289e-02
3.749187168714462198e-02 3.944324580363020027e-01 7.502360774677878374e-02
5.096232404310728492e-02 3.838653860552487807e-01 8.052760934695833706e-02
7.707613011428256222e-02 3.769508380268318803e-01 7.905709916272668503e-02
8.948627648642204502e-02 3.689378289268672173e-01 9.544764882066827938e-02
7.010290863749463197e-02 3.650108921433267706e-01 6.111867899235188389e-02
5.345618992436929756e-02 3.749396959584367361e-01 5.029956143663498469e-02
3.268736289410127671e-02 3.957680606284873503e-01 6.608322981507697147e-02
5.293399384827479626e-03 3.923410522714506077e-01 6.333535646898377780e-02
-7.223876205354586369e-03 3.875733076752908013e-01 4.214130944900643105e-02
7.831916314570089993e-03 4.046862100346199087e-01 5.008092811331939231e-02
1.764161795851493242e-02 4.117071647481833074e-01 8.064843847755390205e-02
1.938805240697336410e-02 4.354573851078508695e-01 9.861114997686737382e-02
5.815327057385220877e-02 2.727183915479445275e-01 1.508547414063279857e-02
2.827554131377387966e-02 2.705328027500815136e-01 -2.249199114914221531e-01
2.708432592500809033e-02 2.688220727738097060e-01 -2.970012971531272306e-01
3.172583041257139025e-02 2.750445651673101843e-01 -2.914462388689264549e-01
1.772971250050196096e-02 2.633476599197950296e-01 -2.590783664636987504e-01
4.151538511657943548e-02 2.799551512542122755e-01 -2.262916031764983238e-01
7.089693143320902058e-02 2.787501094961991610e-01 -1.844430647223965769e-01
7.368435423238353654e-02 2.864148831673774542e-01 -1.548663314747342201e-01
7.145055612703596348e-02 2.863288744828244026e-01 -1.174900323786023243e-01
6.142607232422719193e-02 2.799252629510288193e-01 -1.091138466398417217e-01
5.970330813277097137e-02 2.661559915412957111e-01 -1.190760497045762895e-01
6.290665598799678737e-02 2.624083908328342374e-01 -1.075902257524200129e-01
5.971449165938689380e-02 2.647249270811176669e-01 -9.504050172583920764e-02
4.919024414631568282e-02 2.769615325031766218e-01 -1.125936488790933721e-01
4.365528763870987067e-02 3.052402142178255451e-01 -9.752817912570872771e-02
2.845427471301140154e-02 3.275589913500455697e-01 -6.030071079183147581e-02
1.644756821049047843e-02 3.597040568832289287e-01 -3.561256190997021120e-02
2.173581176261461800e-02 3.803808995444525332e-01 -5.228132791350111053e-02
3.012490119801690056e-02 3.859664942233642093e-01 -5.329700216483740371e-02
2.476140968710822954e-02 4.059883016365460895e-01 -6.498274699722922376e-02
3.487806489249808961e-02 4.220373316872221281e-01 -5.854284302478846708e-02
1.849905662900925771e-02 4.282516736706095117e-01 -4.156036832317099028e-02
2.044507719203089366e-02 4.308677736719792040e-01 -1.659567920398113960e-02
1.295876403364997279e-02 4.419232707937301163e-01 1.421169304420029367e-01
4.601967662186600902e-03 4.161719580214167102e-01 1.911241575035509399e-01
2.376707795946560002e-03 4.257289786955626987e-01 1.811577578989589377e-01
-1.744453837844262695e-02 4.042112646888765259e-01 1.611321559192073205e-01
-2.275322904733600646e-02 4.225318337980721317e-01 1.508851737175197216e-01
-9.564209426551756321e-03 4.158112602103405386e-01 1.275014464523893110e-01
-3.755994904492462177e-04 4.169588704240640431e-01 1.183917271658479070e-01
6.357842768400816247e-02 2.528594732267888112e-01 -1.798436224857240251e-02
6.664289651319042773e-02 1.822665087990497090e-01 8.593739465606366201e-02
6.100896273518181118e-02 2.003727948908758383e-01 1.849295887409919681e-01
5.883704050749969522e-02 2.174125583774110249e-01 2.229611476566015493e-01
7.743463548391146811e-02 2.564655064637677562e-01 2.056008394218749868e-01
8.754429816656827956e-02 2.860187937159568983e-01 1.585939687555683042e-01
8.974424043247140881e-02 2.851993632754901697e-01 1.199837968063090093e-01
7.146723559692270966e-02 2.777015444900414742e-01 7.797367667758670073e-02
8.758447646288247679e-02 2.757592152248781181e-01 6.653077280128433246e-02
8.913574635657597889e-02 2.742448272156127742e-01 7.358476403535529897e-02
1.113123417830322315e-01 2.736215966029391100e-01 6.852630623755717743e-02
1.180124190977850235e-01 2.995393765902137906e-01 6.429927881646151089e-02
1.272939412011476756e-01 3.314780712747562585e-01 6.053067886720418095e-02
1.570225897274319105e-01 3.213216095041170339e-01 6.821244390928171697e-02
1.490220043444082654e-01 3.335942122197498305e-01 7.850251170134364687e-02
1.481831805976890626e-01 3.381246356914988649e-01 7.156969158604359338e-02
1.378454434599720169e-01 3.324582923794078826e-01 3.344364136479635596e-02
1.449471101561012609e-01 3.460450204310659417e-01 1.083520105735544595e-02
1.496377227414612543e-01 4.042869358700347249e-01 -8.633099589509557470e-02
1.583494364526787102e-01 4.270795450731205145e-01 -8.068376799754232997e-02
1.591431516380221456e-01 4.659947402299463581e-01 -3.158240830257367376e-02
1.424665209131619481e-01 4.783828084761783117e-01 1.055276683286556633e-02
1.637718714863230229e-01 4.424251728474811185e-01 -4.142237347170456274e-02
1.579268789763901559e-01 4.557765988559588366e-01 -6.548856484513083942e-02
1.707560336032119819e-01 4.638924188368658275e-01 -1.289087227043022449e-02
1.677435022096172845e-01 4.712118312926145691e-01 1.778955765377653875e-01
1.749966506363230256e-01 4.904669459770994444e-01 2.241074343875666397e-01
1.855570918949074888e-01 5.007119204564275394e-01 2.107813728572992262e-01
1.683231729463627036e-01 5.082070716988450476e-01 1.743041075333466861e-01
1.685364445592898719e-01 5.004519963502780389e-01 1.510969105666801482e-01
1.587914626520587069e-01 4.874223459047578588e-01 1.079511447993083684e-01
1.215549826290276691e-01 4.826606919798365203e-01 8.268568213615191953e-02
1.162259333748894286e-01 4.795656928810311803e-01 3.492932626767568383e-02
1.004454956225174778e-01 4.711212221315485005e-01 7.799642389705253170e-03
1.031896945852411457e-01 4.605809202514792311e-01 1.711490851042348112e-03
9.981474988458945152e-02 4.469272478545945892e-01 1.271450011335342745e-01
1.018351635342110290e-01 4.714936987773284405e-01 1.182777696387595778e-01
1.057647740309031886e-01 4.835245470688744884e-01 1.005504458562469922e-01
1.155538615418076065e-01 4.910732191755179388e-01 8.027026497208905598e-02
1.243581737836530199e-01 5.028417212427951366e-01 2.788587126583239040e-02
1.508660806180189828e-01 3.336993120407386604e-01 -3.795579119757608311e-02
1.601939894517088181e-01 2.481569588537028137e-01 -5.985338466204667696e-02
1.513064848526720074e-01 2.025228661664059404e-01 -8.065573535584602549e-02
1.588119572191832030e-01 1.835318961224725043e-01 -7.628988438682349216e-02
1.378352313446852828e-01 1.682250033775500864e-01 -7.937015357977343644e-02
1.455752611042985534e-01 1.576660129858581394e-01 -3.870369476029836969e-02
1.550915988860638306e-01 1.054984114434551062e-01 2.101763279204262314e-01
1.436524028615882576e-01 1.279327776071404743e-01 3.148742330888370522e-01
1.542157663574571236e-01 1.362518282451799234e-01 3.110182047693731411e-01
1.773681926717834145e-01 1.302179998500997971e-01 2.299964592785270490e-01
2.043337918393414165e-01 1.219864185880501772e-01 1.341821306004737369e-01
1.632415623493292112e-01 2.015404779374167787e-01 1.842275901483547140e-01
1.360714930984540383e-01 2.340818316756261286e-01 1.655014112497914802e-01
1.013911670085408390e-01 2.484831777054353485e-01 1.645888215717608016e-01
1.203769701845416734e-01 2.543241714480471982e-01 1.483373818449520432e-01
1.550570671174978932e-01 2.461477877601834507e-01 1.186536670955949252e-01
1.641239554541926160e-01 2.531487625942064890e-01 9.420194421783556482e-02
1.507018135654914215e-01 2.606602098027839265e-01 1.081729292877113696e-01
1.458956394293264291e-01 2.706820920960316679e-01 1.205356104973662329e-01
1.303402411387448445e-01 2.597955508601001995e-01 9.395559036961254051e-02
9.825506001304093462e-02 2.930483621797787541e-01 7.800131147425092004e-02
8.005920579941858128e-02 3.139279745798043142e-01 4.799951110575748081e-02
7.570364447416064180e-02 3.236862871892784987e-01 1.133427554592764813e-02
4.621662843625575640e-02 3.702170890766040001e-01 -1.472867173939764462e-01
1.543913136951513207e-02 4.142559236188708138e-01 -1.714870139819609784e-01
7.451417780620753911e-03 4.484152452126447530e-01 -1.685587109213171897e-01
9.767465201166829203e-03 4.610443951169483356e-01 -1.624116605798922586e-01
1.033736700083778999e-02 4.686527654459213821e-01 -1.421182203130235966e-01
-1.382834838574883117e-02 4.734333242232534045e-01 -1.269712635396815503e-01
-3.025767241880500391e-02 4.823013188581166122e-01 -9.297238072929270292e-02
-6.183291905506175384e-02 5.004846007595417090e-01 -6.671414771688642664e-02
-9.142248866622014469e-02 5.220258862729972860e-01 -3.987163021948682967e-02
-1.078902017182223755e-01 5.872224743612626252e-01 1.046577115326644825e-01
-1.202129314033157925e-01 5.962654105445770458e-01 1.469678843763200238e-01
-8.803777433828677279e-02 6.002974975986022921e-01 1.364704387414520104e-01
-8.367407695180228977e-02 5.717344913885128443e-01 1.072399580725640067e-01
-8.027605998862299974e-02 5.407290913581040970e-01 8.220390736628824246e-02
-9.479508703241598666e-02 5.367547302304116474e-01 8.215995788270000211e-02
-9.564368769996960118e-02 5.303298727242652388e-01 6.625292675334402970e-02
-1.085329294135921191e-01 5.630734582595663396e-01 3.908360163766451401e-02
-8.759595622332136400e-02 5.588889116751220021e-01 3.046021410483198966e-03
-7.821975986065619890e-02 5.497332945158660555e-01 -1.804458004325279474e-02
-8.938239168474398921e-02 5.455604955464082861e-01 -8.257362811895364862e-02
-1.120268691471073552e-01 5.524374920156248647e-01 -1.063864052167550062e-01
-1.043266735839856740e-01 5.356762316400227597e-01 -9.308529552635476378e-02
-1.078632993036728188e-01 5.246074697940538156e-01 -9.385590229737447721e-02
-1.086310564647726684e-01 5.120754529377268272e-01 -5.902574017910184462e-02
-1.080862549650697668e-01 5.253478070586249382e-01 -2.039612108394033008e-02
-8.854576273575065493e-02 4.028187866512796811e-01 -4.428449817028734525e-01
-6.254261226580279387e-02 3.774788182925472579e-01 -5.490769864846454240e-01
-4.043068140163464524e-02 3.446546790479426692e-01 -5.169196911887147250e-01
-4.224196563590196934e-02 3.246867476766012728e-01 -4.186444528531619302e-01
-4.245719549428839806e-02 3.156381846494039078e-01 -3.465901143703876142e-01
-4.674145338863398835e-02 3.326389731478465728e-01 -2.971350470611715533e-01
-2.270789761639795817e-02 3.550941699813233154e-01 -2.455348787529200993e-01
-2.652179397324953836e-02 3.830224150250960968e-01 -1.739815202756347379e-01
-3.646663679530931512e-02 4.180808652132848025e-01 -1.206084963942405108e-01
-5.156554452837464053e-02 4.401753498194079794e-01 -8.579314369428592268e-02
-5.700218791733779183e-02 4.465503306659793781e-01 -4.144888677514586145e-02
-5.961163377161657340e-02 4.318887755578326715e-01 -2.819962013035865953e-02
-5.478680326234341980e-02 4.177852930487496175e-01 1.131962862316419557e-02
-8.290779653979835073e-02 4.131353216897167835e-01 5.003628505099244617e-02
-7.499132181751345938e-02 3.829439838279772856e-01 6.084386102648717265e-02
-5.089953575544994141e-02 3.727893534086650917e-01 6.620255905999057611e-02
-3.488484875420396619e-02 4.176032782545356370e-01 9.054382250770147411e-02
9.363491743646729093e-03 2.782331795631801663e-01 -1.507395016409160404e-03
4.342553679407788747e-02 2.384472722535377343e-01 -5.303274558313084835e-02
6.171639217688927592e-02 1.980010792973467271e-01 -5.707580705886052680e-02
8.512476990798939491e-02 1.952586860161425741e-01 -4.149449009918691061e-02
9.535274968451185051e-02 2.031948451784966470e-01 -5.715384184824441605e-02
7.210587425401818185e-02 1.978835866834925405e-01 -6.404761703017868013e-02
6.430281294140370585e-02 1.935977816314574385e-01 -4.988120669340986857e-02
5.972754698605250295e-02 1.830703233411895281e-01 -4.965591003034745821e-02
5.414250561936505973e-02 1.979450514524304927e-01 -4.347216302127513560e-02
4.461297445495767539e-02 2.276328143996372289e-01 -1.792872215207289704e-02
3.419951165220223160e-02 2.198768789849626648e-01 1.662395242277470153e-01
2.638480409879239916e-02 2.023271163966977870e-01 2.124441805870125044e-01
7.504051775661935153e-04 2.112405060325419082e-01 1.875203487981984829e-01
8.734034739413740200e-03 2.009288394431432423e-01 1.365067450369143176e-01
-1.715981694007079339e-03 2.124156914459195133e-01 1.200044614126202364e-01
1.291897351992908963e-02 1.980350177219115659e-01 1.237594932427480976e-01
2.734838473876654436e-02 1.870943122497959743e-01 1.056917692962342781e-01
1.873139808246742505e-02 2.140075371345642463e-01 9.149572750896758921e-02
1.553399363983766143e-02 2.264988046005079469e-01 6.575637518319782382e-02
5.791547341028142545e-03 2.375761954687954924e-01 8.399759278472965218e-02
7.026566817068825507e-03 2.391808848674794319e-01 5.741240996539823116e-02
-1.105907211039508335e-02 2.410761216787587757e-01 4.907491163376202087e-02
-1.982716142926922720e-02 2.827391361505560141e-01 8.771725033339658473e-02
-2.200966445007585329e-02 3.083638747419363835e-01 1.107694272888340437e-01
1.303677692175431169e-04 3.188301837436749997e-01 1.023478162487889281e-01
7.598928172381089891e-03 3.212832547704457253e-01 7.149008354925601161e-02
-2.758825005333923747e-04 3.509671005668074106e-01 6.190554475303874926e-02
2.862685116536233670e-02 3.964658360387043334e-01 6.259418599056408572e-02
-1.177245334064862953e-03 4.014141966402928197e-01 4.949585763530472970e-02
-1.807043560656588013e-02 4.102866324648542506e-01 3.733162013320719813e-02
-3.205971258613571351e-02 4.226955977617996019e-01 3.130519159017135927e-02
-3.754543152625596653e-02 4.368316414358036637e-01 5.498162811110675341e-02
-2.062410064265488008e-02 3.922852493039835631e-01 3.989995146886964744e-02
1.194277500892730604e-02 3.763084645614514501e-01 6.099835627056258980e-02
2.567666803836297917e-02 3.917444359736030335e-01 9.735674776835401278e-02
2.662312623771937586e-02 4.100613780427526112e-01 9.089802180518387342e-02
6.636527694102704877e-02 4.015328519661391371e-01 8.503428428495449221e-02
1.152076803637085145e-01 3.896544993337087703e-01 7.930658920105963794e-02
1.239523243008925080e-01 3.786816078131988728e-01 8.436615161858873613e-02
1.290342210585494753e-01 3.771681555589729840e-01 8.303660971193831120e-02
1.726185765631266522e-01 3.570669165820409829e-01 8.773117960510048996e-02
2.002781571179845788e-01 3.483339650191957793e-01 9.190228917153120403e-02
2.068554914424403646e-01 3.584588662861541430e-01 7.772512267281500575e-02
2.058581851222690551e-01 3.673055899063325525e-01 3.351360283100594806e-02
1.693928602926086380e-01 3.976189186187207847e-01 9.226731997161188858e-03
1.091797147105340038e-01 3.993647479642488674e-01 -8.732648236534624325e-03
1.127487369919763782e-01 4.036001550542971383e-01 2.113617520863265986e-01
1.216919568127084045e-01 4.061732646454195850e-01 2.728219525027232861e-01
1.023829541300364798e-01 4.155224688199758987e-01 2.544076349648771718e-01
9.222004486446955251e-02 3.816266300379572152e-01 2.182149564454690105e-01
9.223892129512419047e-02 3.777828597362478114e-01 1.710817393613163206e-01
1.061383722972038257e-01 3.564685689186837259e-01 1.386844271593039302e-01
1.106980048741201261e-01 3.510538247915436783e-01 8.756965814756875743e-02
1.116246611362040897e-01 3.647662809094677772e-01 8.213389256870869126e-02
9.108272372632376934e-02 3.662047923734637611e-01 6.814120500767868738e-02
8.598977463477121275e-02 3.514230696225089101e-01 2.966292693146803383e-02
7.184946805430145189e-02 3.575218662036889761e-01 6.434966914111464598e-02
5.223552196576159573e-02 3.589266395094896089e-01 5.860463353710433643e-02
4.839216159701947156e-02 3.780284531596607711e-01 5.592549398850728271e-02
4.328462844139346899e-02 3.903865977856512126e-01 6.877212641694771533e-02
4.230453912752956541e-02 3.828181021157291974e-01 9.103309595033827473e-02
6.062201353380140129e-02 3.796989417909779618e-01 1.063438922649656837e-01
6.548127977936787913e-02 3.707072432069718482e-01 8.044190734957408495e-02
6.795074226547230534e-02 3.603273998341918749e-01 6.462538575691313680e-02
8.427654583454158299e-02 3.457449682340659747e-01 2.697550183422037923e-02
9.874504840768423553e-02 3.590346765093532233e-01 2.513960715268481055e-02
9.764729381631197247e-02 3.734253479876115112e-01 3.610951211602814181e-02
7.142657230799386026e-02 3.329830169146129060e-01 -2.659927414351025143e-02
5.882767474651839912e-02 3.304509057580490294e-01 -2.566914147217715797e-02
5.904986190096721266e-02 3.516893595723029620e-01 -8.264928359880990838e-03
4.131956806994724340e-02 3.468134800054669120e-01 2.104718854893967150e-01
5.427269713948990743e-02 2.733727324192608554e-01 2.097098440078307147e-01
5.784492871187915664e-02 2.620473831166428846e-01 1.762909253406475252e-01
5.646046422424057243e-02 2.757604424351641215e-01 1.451143690953005938e-01
5.842647535736368580e-02 2.600505148839985514e-01 1.347605701408038092e-01
6.862230597694202183e-02 2.599314368820047072e-01 1.082307356361087852e-01
7.393610367185977916e-02 2.465532684511056172e-01 9.502481552326005887e-02
9.790003081253016715e-02 2.269227693711146354e-01 1.096171105148080471e-01
9.545599346348952741e-02 2.209677761913255156e-01 8.334020372321612746e-02
9.166679258569000732e-02 2.426400785381724878e-01 9.514767663564527300e-02
6.226011194301159235e-02 2.575984379428823412e-01 1.252983073768531574e-01
6.043694865249035070e-02 2.824686904377534113e-01 1.413221350156907974e-01
5.246179172772973132e-02 2.905520500186624666e-01 1.357535038190202659e-01
5.575104006356790959e-02 2.873187177799346181e-01 1.128390884654088822e-01
5.563600420456756707e-02 2.918501014243661262e-01 9.022615609489151312e-02
3.912795705820819314e-02 2.891803603061903760e-01 5.993267239047672668e-02
4.126768372933455747e-02 2.916692242163960724e-01 3.380116239393332611e-02
2.278654869142755779e-03 3.420435811161078310e-01 1.281406523847870293e-01
9.197339329999654894e-03 3.639508142663743229e-01 1.479715256097232090e-01
9.933207014067271107e-03 3.838289239834611899e-01 1.315708123004481478e-01
7.238167451481235422e-03 3.843221840169745995e-01 1.188457882450585229e-01
9.543860411587277645e-03 3.961768684177645050e-01 1.228785786850057765e-01
4.199742671769400582e-02 3.794005858395991804e-01 1.011535774487968969e-01
6.019035344245785013e-02 3.777104127963394897e-01 9.779070733739073096e-02
5.084890200704958452e-02 3.657468842783914709e-01 8.617077270616729789e-02
4.417048536315687501e-02 3.716486123436025801e-01 9.009583309985284838e-02
3.510029103857203320e-02 3.870175959774010965e-01 9.410955094720885317e-02
1.344551457238031544e-02 3.932289407397374092e-01 8.305431869991986016e-02
-1.839968473292055706e-04 3.955879270420103455e-01 6.042286866916898869e-02
-2.150068686429330855e-02 3.950914424451359430e-01 8.207480776154069124e-02
-6.468494110772281258e-02 3.782267304022988719e-01 7.460667035191533014e-02
-1.019241433932909779e-01 3.623738167784917863e-01 5.740471470826752354e-02
-1.095865839578158835e-01 3.561939908750726969e-01 6.795749933693782940e-02
-1.022759536026250221e-01 3.694630589873268423e-01 5.871984267576967065e-02
-9.602077882029777522e-02 3.497947776477128290e-01 8.700946021313762935e-02
-9.088279327598297597e-02 3.540184596927126726e-01 9.698406848049656581e-02
-7.270817700080353663e-02 3.617497598250688506e-01 1.193259240517077213e-01
-7.723931950928447643e-02 3.553743259872594318e-01 1.332973697988545925e-01
-6.937768316234946275e-02 3.276583771717070936e-01 1.343775154098759417e-01
-7.458174185339200291e-02 3.003184790710260454e-01 1.441281771078537499e-01
-6.253343354398591125e-02 2.920328572344411677e-01 1.529473520709407341e-01
-5.376513224365016275e-02 2.740567996556396158e-01 1.362827439381281702e-01
-4.265288388998587227e-02 2.680368324423076376e-01 1.094157130787212773e-01
-5.109008460410984637e-02 2.698401387700145593e-01 1.118181511003183415e-01
-4.663517606620505573e-02 2.751730133881080120e-01 1.112131973136580576e-01
-6.089745067675594870e-02 2.749697412909457017e-01 1.097175267178858438e-01
-6.306824384088730029e-02 2.836405034019782723e-01 9.910434012499337586e-02
-5.961030998844468048e-02 3.015124802847471974e-01 7.722220130554934003e-02
-3.142981024657735822e-02 2.995916601956051806e-01 6.678989015502564963e-02
-3.095674596135308820e-02 3.188043623986273056e-01 7.167044677959151511e-02
-2.012267352441285406e-02 3.470490885429738936e-01 9.175339774294746786e-02
-1.033185768690304297e-02 3.540700156979317836e-01 9.743560374119955569e-02
3.361067060766829637e-03 3.765395899486680409e-01 1.074819846800199319e-01
-4.504039550143022763e-03 3.783312955505033770e-01 8.575061939304182146e-02
3.965429544109647444e-03 3.651504972350056444e-01 6.439149750405337436e-02
2.607888013731443633e-02 3.558915905577452188e-01 5.957352461110297648e-02
2.685537471743226767e-02 3.446023494606665905e-01 6.768312092900728716e-02
3.856402643157637311e-02 3.401533092625606547e-01 4.302596994709668998e-02
5.465559348838433529e-02 3.556155161480738514e-01 7.570305215605623028e-03
5.263401887443450861e-02 3.554668155097246429e-01 -1.071422834018062251e-02
7.151742491068574514e-02 3.347230806199092967e-01 1.975615313692836716e-01
8.641273062648081871e-02 3.257694525552138343e-01 2.251257391658840756e-01
9.631984887504299597e-02 3.296014119504492856e-01 2.106584561904451258e-01
1.276416570142136497e-01 3.530172019750094092e-01 1.726562332596052185e-01
1.102304734938946429e-01 3.608717771824929144e-01 1.369431903668003048e-01
1.342229744565506810e-01 3.647026650585426522e-01 1.324235943903596391e-01
1.507158616578911092e-01 3.673766735804927519e-01 1.443850471488341003e-01
1.574632524974581838e-01 3.801653085549934197e-01 1.581705718642291980e-01
1.524359833576418577e-01 3.830633050708766585e-01 1.422339349323194502e-01
1.432462365546028071e-01 3.892801535002906599e-01 1.548732977729131433e-01
1.327890578864258098e-01 4.035356564406301083e-01 1.318167776682788450e-01
1.333122217732156389e-01 3.899470005366105774e-01 1.107897350509064321e-01
1.309732869920867959e-01 3.615856359411457333e-01 7.902101984530590650e-02
8.883651731454073053e-02 3.345089059223752548e-01 6.710154805363988118e-02
8.667027679838772147e-02 3.230639490260146518e-01 4.627373372164136911e-02
9.997453487960086815e-02 3.391567670096969911e-01 3.177213799543933404e-02
9.478971919694033355e-02 3.277051085079483173e-01 3.033786218879858110e-02
7.171988595180031623e-02 3.271658671424930720e-01 4.893619323898704132e-02
4.958140603127875190e-02 3.174537700682356078e-01 3.767550068181217682e-02
5.526070812614837513e-02 3.385111677482853243e-01 4.471596391510271329e-02
6.836479093144312569e-02 3.178370738237850657e-01 3.308376948092609654e-02
6.794009360718165913e-02 3.500568065421972852e-01 1.162407327413619296e-01
8.364639611410795705e-02 3.575186097941218666e-01 1.495576366298628501e-01
1.179226721498395913e-01 3.503793266834729359e-01 1.408625400976672715e-01
1.397180865997243449e-01 3.580027581464426678e-01 1.129015928569163385e-01
1.501418002584049283e-01 3.691906176989813715e-01 9.433480093165018399e-02
1.527741408420288938e-01 3.548716362421653336e-01 9.429499175141667355e-02
1.542061195611240110e-01 3.799387465287688004e-01 9.757549646206517546e-02
1.210583618859892019e-01 3.940450256832938036e-01 6.899456576315432521e-02
9.710781824501676929e-02 3.912935577713740343e-01 6.952677920914154819e-02
8.981584797443875612e-02 4.183188722420452255e-01 7.773920474450572715e-02
8.855428364969096522e-02 4.301185062512244417e-01 7.358228547827676269e-02
7.238405875226260056e-02 4.144453505023138473e-01 6.601123844810996566e-02
5.107139100144336696e-02 3.873694185067351192e-01 6.682025676749865639e-02
4.338509508664525199e-02 3.796616864766639288e-01 6.908060307303569292e-02
6.222903505157818815e-02 3.678754272948195903e-01 8.869111227460971247e-02
5.782008310177588761e-02 3.841333240844639896e-01 8.911603962491145003e-02
5.039960344289935029e-02 3.976386062788339615e-01 9.812827347215817564e-02
4.439076262184513122e-02 3.825933238468476882e-01 8.020726242203600476e-02
4.996293581151220464e-02 3.853335232505015751e-01 5.388180013903479115e-02
6.326566535323832619e-02 3.457584432609391856e-01 5.476228525938979519e-02
9.201215311380220307e-02 3.363561571531922811e-01 1.949153035589883121e-02
1.088135663796458430e-01 3.972856380788410413e-01 7.977217628137886485e-02
1.195769709518021556e-01 4.339398900246275170e-01 1.068665892207485146e-01
1.009535546145201163e-01 4.472151635875783460e-01 1.119514231133458271e-01
1.457271922859632585e-01 3.010570000380339284e-01 6.083854270721514301e-03
1.694577427111932100e-01 2.687251814330937072e-01 -3.876533384787803627e-01
1.818368492460659125e-01 2.765945060254283439e-01 -4.769399227960271492e-01
1.950550587194654351e-01 2.859898363651134368e-01 -4.436165260768538676e-01
2.072755602431467226e-01 2.726861464694205761e-01 -3.882013851498634094e-01
2.107069231015574751e-01 2.725841305518567625e-01 -2.937874100302362290e-01
2.401597260244338894e-01 2.643206041403850515e-01 -2.404922255395547381e-01
2.751060280656330015e-01 2.573290246881988486e-01 -2.090404427907922580e-01
2.515878787710820186e-01 2.367732464833483264e-01 -1.580845330673037452e-01
2.498602390387459349e-01 2.279551160825727396e-01 -1.072623459135969015e-01
2.519239325714746069e-01 2.314978929806883745e-01 -6.705545763947637350e-02
2.558823923337047446e-01 2.483348695771101511e-01 -4.215799457888884383e-02
2.551307334559158591e-01 2.598020140255937749e-01 -1.993130951111959231e-02
2.598722211650398295e-01 2.129643260398271232e-01 1.644465301570435245e-01
2.567670004995897814e-01 2.218039935030722276e-01 2.574656418870358565e-01
2.424033053501902790e-01 2.268766447883677484e-01 2.843083916693444624e-01
2.367753698799964224e-01 2.163468253027764909e-01 2.385610671153837736e-01
2.527995784372701893e-01 1.913136328475044112e-01 2.190839897556917937e-01
2.642600781068726867e-01 1.851473641981019880e-01 1.882122081761173349e-01
2.495903720236279655e-01 2.016647286044525589e-01 1.753380011978682984e-01
2.496126457881112926e-01 2.326058965030761427e-01 1.839694883265852454e-01
2.344439124613483250e-01 2.303921333818424733e-01 1.632451948536893793e-01
2.164766171816126517e-01 2.509870247105759899e-01 1.497865908737419649e-01
1.895078241705155930e-01 2.628435140737045983e-01 1.551664283918595677e-01
1.780657792440524245e-01 2.818608165512828667e-01 1.271409376505829303e-01
1.814844265735854612e-01 3.014231479541770731e-01 8.891505555072432010e-02
1.956900004821396921e-01 3.308205059601443399e-01 8.192929568609300106e-02
1.626991828391717854e-01 3.650828859129263693e-01 4.381388515855609567e-02
1.500508935388238929e-01 3.657081831677979067e-01 5.496760844966434162e-02
1.654492916974434624e-01 3.436532435857861945e-01 5.688663005336434125e-02
1.717825744055169745e-01 3.664087772334787552e-01 8.730810368264060872e-02
1.924488075317910551e-01 3.395125590959696682e-01 1.079227604273316210e-01
2.135986746789593493e-01 3.424777915499720438e-01 1.160406854631829826e-01
2.048019925430575872e-01 3.385556432029077634e-01 9.677521226117825892e-02
1.942365283179351421e-01 3.531409702352890090e-01 7.958409633688687257e-02
1.786609625235226484e-01 3.208571403418105095e-01 4.610362435118120494e-02
1.220652621039831354e-01 3.713718280579634268e-01 -2.805020348420200760e-02
1.045446697001635450e-01 4.227041248212722313e-01 -4.788687660281713832e-02
9.459814302323285573e-02 4.396635292897233538e-01 -3.936966655673725113e-02
8.785208152603080078e-02 4.221709133507079437e-01 -5.482325283106208313e-02
9.981632452091319940e-02 4.158700977438547497e-01 -2.655845153746615867e-02
9.461711234078762356e-02 4.003299558766581501e-01 -1.905759363896301906e-03
8.831909130181155032e-02 3.815940639811404300e-01 2.176171664380305015e-01
9.145341188664081467e-02 3.577272200127543655e-01 2.536732348337376597e-01
1.076579824511704891e-01 3.747372698301036364e-01 2.358119492711873433e-01
1.175518494223090626e-01 3.849931746725616666e-01 2.141785849201450487e-01
1.484624384938423025e-01 2.293730766638288066e-01 8.399046399130849494e-02
1.106297941121821837e-01 1.818897945564985075e-01 1.636063884887724584e-01
7.033327636288666529e-02 1.778624384046472995e-01 1.598024068952607901e-01
6.393701330908381497e-02 1.851852132936419315e-01 1.596320330914732244e-01
4.257508112564234448e-02 1.638325025236299637e-01 1.243651738023916764e-01
4.307468278855444005e-02 1.660330051380146110e-01 1.161502002183656262e-01
4.286128000792881199e-02 1.821599508788620259e-01 9.995149887918003406e-02
3.336733721599006303e-02 2.006844457390685732e-01 8.214482788027291371e-02
1.431162435687080570e-02 2.416962447780986456e-01 7.773108973569882452e-02
2.558952157189616286e-02 2.403924280705392602e-01 7.195101160884810609e-02
1.271265853842869567e-02 2.432791982813857778e-01 4.833243774465871556e-02
-2.832550228201241929e-02 2.851956044477900187e-01 1.558291744549518687e-01
-2.561477038615906504e-02 2.861760436901632509e-01 1.950877016834913213e-01
-2.341989837986135567e-02 2.963359100335894447e-01 1.935696414507339091e-01
-3.976338464609796564e-02 3.103190226479412561e-01 1.554681177093248379e-01
-5.279450211935012016e-02 3.215849701033760555e-01 1.268142814899874127e-01
-4.402033900576563658e-02 3.260716017528859090e-01 1.124006622989156129e-01
-5.046238409741880815e-02 3.246664952523141134e-01 8.920509680865393309e-02
-5.584110228655991826e-02 3.428811939744601522e-01 6.569025618052837245e-02
-5.545027893182528228e-02 3.471477851048559438e-01 8.194300787169021827e-02
-7.259445974830945614e-02 3.640641000328803667e-01 9.899452883566114969e-02
-4.502945241979020019e-02 3.655981205292727076e-01 9.744508890472246276e-02
-3.094088893187428579e-02 3.560321081861432813e-01 1.064993785837209939e-01
-1.356974100079572781e-02 3.653861433232782341e-01 9.686051834211001355e-02
-2.438110014268938044e-02 3.801563325481601141e-01 8.323990827786509339e-02
-1.997823145911448509e-02 3.912862426964895946e-01 6.999917168440608628e-02
-2.405728930871662424e-02 3.885486230271218422e-01 7.668162116109747406e-02
-4.294741721598022144e-02 3.806442532267634848e-01 9.197434938659364290e-02
-4.019015052801503535e-02 3.611921585462404272e-01 1.153566913246645703e-01
-2.602592951830092621e-02 3.409429354209253527e-01 1.227407206837624054e-01
-1.275509140735786931e-02 3.291606526197799476e-01 1.273093301579166503e-01
-1.490426308438737302e-02 3.132337530227279343e-01 8.867869112609419457e-02
1.486378143028238563e-03 3.133734051260100850e-01 9.134424121470269275e-02
7.688816929386198436e-03 3.370145508608594631e-01 1.034609718899081043e-01
1.637061238209224640e-02 3.605771868882410303e-01 8.817566688114687745e-02
2.259411625241803528e-02 3.760780572231005592e-01 8.494541281585998860e-02
1.685072477262580457e-02 3.870458658696557808e-01 8.818456224314148717e-02
-9.292821161196302554e-03 3.662448120681473518e-01 6.805595528555220819e-02
-9.220914666255098160e-03 3.425255764522024959e-01 4.648656883541453511e-02
6.369305507491032289e-03 3.362269575791952403e-01 3.283792406854675605e-02
3.766993924389980958e-02 3.223830707941522378e-01 -6.420093192792598880e-02
4.071573066575762817e-02 3.314229442790369573e-01 -8.120921323638471967e-02
5.380402124881859816e-02 3.208872700895624708e-01 -6.587940070018258321e-02
3.421312273250973202e-02 2.979434269460030094e-01 -6.759629833946045885e-02
1.908391438738342438e-02 2.764530867122103053e-01 -7.663009206198841128e-02
1.104887279316668636e-02 2.722384300226360909e-01 -6.798829524566656068e-02
1.051363532310578552e-02 2.784691272523613925e-01 -5.403241244502163254e-02
-1.222152485718669759e-02 2.851516314022378151e-01 -3.231973115645610239e-02
-3.648518136973478987e-02 2.684180068211013959e-01 -1.881481177295713653e-02
-4.177179343399223255e-02 2.454116311450182109e-01 1.696444152468059019e-01
-3.162511686512245457e-02 2.517087834452113593e-01 2.216214594714146502e-01
-9.733515556055380435e-03 2.740856913247919913e-01 2.130695154808529002e-01
-1.228033242472169155e-02 2.565171842184923445e-01 1.766562034686086635e-01
5.902762806141123239e-03 2.498326278875415141e-01 1.277541504185483734e-01
1.066818720270906219e-02 2.670716345837648165e-01 8.680627467610534109e-02
4.689865277717446268e-02 2.769187960914449298e-01 5.669057436223810809e-02
7.723363255737200617e-02 2.905992398345098038e-01 3.025696485150596374e-02
7.892866058001418716e-02 3.461446058107923163e-01 1.343761793402190874e-01
6.697542791658170347e-02 3.625580792764523386e-01 1.503854815289765723e-01
5.506198100971002041e-02 3.742003366961189625e-01 1.197019940101672619e-01
4.984533293346368743e-02 3.763641195690284880e-01 8.929296301072077446e-02
4.465568576861224381e-02 3.770019399825565443e-01 7.895733398216618626e-02
5.478084646107161948e-02 3.745512534897592061e-01 8.025795238652669306e-02
5.279422666368328854e-02 3.705697412638279120e-01 9.648678483737667400e-02
7.359991205389600222e-02 3.544808826161550686e-01 1.035292531487111145e-01
8.737976893202351047e-02 3.509496189951011869e-01 1.152121197352173332e-01
9.576132871564731197e-02 3.483148239925988321e-01 1.111810438574492438e-01
1.121598950972141490e-01 3.524912742063803783e-01 9.874066788768412484e-02
1.145949423711571658e-01 3.535717989972195774e-01 8.518108349707180504e-02
8.704973430303895865e-02 3.333380578281542883e-01 8.019916552112092700e-02
9.114129595464325051e-02 3.551184483374766887e-01 7.752516007937254594e-02
9.739578295494902282e-02 3.815169900349517640e-01 5.932072332198530529e-02
9.714405393661854071e-02 3.906726453265706445e-01 5.948042132248012454e-02
1.069821471080544817e-01 3.837011622860175275e-01 5.433429720287850928e-02
1.201574736716460590e-01 4.014930510879618497e-01 7.730452932269257782e-02
1.409945203776714062e-01 3.686970366421520318e-01 6.790611361426664161e-02
1.651696072588035857e-01 3.444804121584116308e-01 3.686425762624569169e-02
1.496398898805818001e-01 3.140466728920576767e-01 -1.995737541211559107e-03
1.491187184347742556e-01 2.870572535017360538e-01 8.583057467822528819e-03
1.596577345580409979e-01 3.292804364139323980e-01 -3.054295695081107320e-01
1.701394622313967819e-01 3.592219585469718091e-01 -3.477686959571538172e-01
1.588406348345926256e-01 3.767038383571604809e-01 -3.311910851011443668e-01
1.527055336100620886e-01 3.668026460731530491e-01 -3.082892555637618548e-01
1.404150259281499169e-01 3.914237313301034416e-01 -2.844675809976755509e-01
1.358838962515771243e-01 4.013346286228273718e-01 -2.504328869597534646e-01
1.215949594768014480e-01 3.854557521909739437e-01 -2.132333882595196795e-01
1.075494217927718127e-01 3.892482002410740383e-01 -1.919330642305661916e-01
1.276636115473824828e-01 4.119812948350859427e-01 -1.347906060566608222e-01
1.610401036943865660e-01 4.310590608749036434e-01 -1.093321848552868958e-01
1.669910451578535959e-01 4.389121656297587659e-01 -6.955653820333254633e-02
1.681164823515073903e-01 4.690014154006178493e-01 -4.119864928568786611e-02
1.702245852576493856e-01 4.956132542144331410e-01 -3.453403215308335772e-02
1.699170948276279014e-01 4.695972248282834216e-01 -3.155207046253015457e-02
1.846357708435072964e-01 4.647564423434307201e-01 -2.215369532903128935e-02
1.789209652922065241e-01 4.360124018158664239e-01 -2.170453919175732715e-02
1.859879572869116704e-01 4.200004848830494741e-01 -1.950652699464980322e-02
1.887779351413634843e-01 4.238683266644609482e-01 -1.968428039175236163e-02
2.142263698602752953e-01 4.067494628191407613e-01 -2.081711394302568352e-02
2.282821737378936400e-01 4.025388657972005513e-01 -3.196847940357951112e-02
2.202234931180378219e-01 4.052854352527036630e-01 -5.076181275239870228e-02
1.838467163837149421e-01 4.071085309586226497e-01 -5.624464982475944896e-02
1.619240018547392079e-01 4.063941775776844234e-01 -7.130383537306030084e-02
1.864682279595681613e-01 4.218985521578780817e-01 -6.840440132945910245e-02
2.095146246641602095e-01 4.429793336199578380e-01 -4.855405254948991223e-02
1.991408158520724947e-01 4.320556740247585292e-01 -2.213737975014932677e-02
1.680637208543384609e-01 4.117946373766789847e-01 -1.316634889961568709e-02
1.672142725690213827e-01 4.249984673242648281e-01 -1.068960835722409033e-02
1.611709578936564025e-01 4.506368724472585297e-01 1.480608054261811912e-01
1.766888000849949070e-01 4.847674785621032822e-01 1.876260050894109077e-01
2.017037966669141258e-01 5.207010587425728865e-01 1.450761464526626743e-01
1.977538139328030298e-01 5.323834994254000863e-01 1.198845445783569552e-01
1.888370075966684936e-01 5.220063638969880682e-01 9.630587929484407672e-02
2.067456955239110328e-01 5.202762118539090430e-01 1.220448919362280282e-01
2.077311543038160291e-01 5.247137114745750175e-01 1.432962465595656598e-01
1.840433178120176871e-01 5.154746144590979240e-01 1.439781014861091779e-01
1.784964885274740731e-01 5.133298075544363570e-01 1.083633487658637318e-01
1.586528199775836256e-01 5.024548218551783130e-01 8.822683561402158703e-02
1.493771042832670037e-01 4.598437896160157967e-01 6.623424144915129874e-02
1.209023839578286935e-01 4.471726047830354989e-01 6.806682030637625780e-02
1.067308609221701843e-01 4.288741749381292934e-01 7.308351499549155250e-02
1.441672456033716854e-01 4.152617969162225586e-01 9.033949401483738761e-02
1.755446557218503512e-01 4.098464525459858399e-01 6.187229830705273659e-02
2.008743086733490169e-01 4.163249469801069691e-01 6.342511601838871083e-02
2.281385694424477306e-01 4.145068980037772688e-01 1.550283499777679874e-02
2.320189809661989677e-01 4.003274749184672077e-01 -1.747201012688267413e-03
2.233995333911532044e-01 3.959316221387348400e-01 1.537286669448486576e-01
2.333887073548388535e-01 4.102726925932687618e-01 1.995105996540905702e-01
2.413270984958916787e-01 3.174280248704891005e-01 1.436502333587627300e-01
2.528395782162390915e-01 3.156549434539185350e-01 1.259447296845924713e-01
2.660426690647780257e-01 3.055062731653285790e-01 1.131874556822434763e-01
2.508726899121768161e-01 3.214469672334512307e-01 7.774651961960032942e-02
1.960445420153574814e-01 3.789454411019114732e-01 1.469523499108288389e-01
1.687746481254601139e-01 4.128746627521763801e-01 1.705381784983528992e-01
1.324648729522904800e-01 3.281166739216243577e-01 1.188639567503307626e-01
1.210214259236924994e-01 2.710900274741896987e-01 7.960848934019573719e-02
9.984277248072856437e-02 2.404123825814609983e-01 7.276172687169306375e-02
8.333978786433311747e-02 2.462503941242440708e-01 9.342633098872572817e-02
8.153214416363009642e-02 2.480166800835333640e-01 1.095579189743832033e-01
1.028809662232671451e-01 2.465678245599724483e-01 1.066012613744880128e-01
9.771570326178496968e-02 2.691219596355121091e-01 9.141287193560906910e-02
7.837255872482178087e-02 3.074507663147187375e-01 7.408548597780945100e-02
6.307196039199226834e-02 3.123573804106847263e-01 4.566617056452157430e-02
6.385492408469639614e-02 3.109727209695596906e-01 4.447314204431290774e-02
5.882697039968624170e-02 3.285161199501509532e-01 7.123345999530207584e-02
5.733653931619109301e-02 3.654201991840089758e-01 6.920960342047612068e-02
6.218760448556461679e-02 3.712090477305772240e-01 6.720985198201881450e-02
8.571146775653197547e-02 3.739251953765918013e-01 9.082053355651013848e-02
8.366309672281987964e-02 3.711865034410227193e-01 9.169148261738720163e-02
7.653157290723409945e-02 3.890708700556624877e-01 8.099356094420519236e-02
8.236534498090011813e-02 4.178065445164963476e-01 7.160335040692575315e-02
1.040850676057032548e-01 4.184423898823871890e-01 6.835760633045898094e-02
1.130945307836054986e-01 4.235103381393236499e-01 4.558781175655341605e-02
1.282190196600709320e-01 4.326719578380762155e-01 6.511230542865195647e-02
1.417942008065402604e-01 4.405645221754397878e-01 1.051212157535351688e-01
1.320951805476304197e-01 4.338910890561686329e-01 1.405721145183607690e-01
1.706105733861394413e-01 2.935480465048883048e-01 6.639920872162649590e-02
1.260502619885973119e-01 2.762371525269349815e-01 1.415610305676630043e-01
1.052817486858588086e-01 2.730394470009509522e-01 1.438444945035524947e-01
1.181302443101452382e-01 2.664699071697230748e-01 1.077632564102779522e-01
1.159381692483199972e-01 2.473570334063920351e-01 8.386123326605332551e-02
1.361857436313536063e-01 2.341470396151403288e-01 1.132195721833879343e-01
1.471229944227191166e-01 2.334795414013189352e-01 1.219621048658968698e-01
1.462852848909987624e-01 2.371870021473043988e-01 1.352106266290831749e-01
1.563052791319265167e-01 2.690741380207732902e-01 1.344351902254397324e-01
1.699606563864844988e-01 2.601287478572261169e-01 1.201762155797748699e-01
1.729550505186639719e-01 2.671385727456377923e-01 1.171742656755113410e-01
1.846995830052174936e-01 2.851795368766640859e-01 1.230813006259254550e-01
1.702518503909618286e-01 2.870700500117955856e-01 9.965308552945072174e-02
1.550005376373751742e-01 3.000166434415069694e-01 8.400121567362456299e-02
1.497620809298665090e-01 3.252676171767659996e-01 8.117938628036103221e-02
1.584077321871764088e-01 3.172183258810744033e-01 6.350031355163072988e-02
1.772336235144102157e-01 3.340810858959566421e-01 8.700292600394113340e-02
1.914751395725690919e-01 3.255953240001568938e-01 6.566352409526417244e-02
1.673061570866723469e-01 3.434266597486622108e-01 1.160536945385839125e-01
1.808908331134151393e-01 3.567749167651994013e-01 1.336384621941198447e-01
1.671290279987305005e-01 3.521935246086183580e-01 1.229071596919139309e-01
1.857656215303272740e-01 3.384784373511499633e-01 1.050888697128379290e-01
1.807601588406863857e-01 3.213465028413320934e-01 1.107146552580900029e-01
2.005134287068078003e-01 3.130602316417839814e-01 7.599861506683011636e-02
1.934415332982873381e-01 3.410344358390387520e-01 9.632403834367059270e-02
1.671929982781559243e-01 3.500329256809145972e-01 7.048155763159552611e-02
1.542700054580250502e-01 3.726866664201357593e-01 5.846839616467473799e-02
1.360450808178630400e-01 3.710014349197708894e-01 7.710073911626987020e-03
1.104574266889171708e-01 3.831227529473367754e-01 -3.897021728101842525e-02
9.657064597979132803e-02 3.743906136335797274e-01 -4.564187623595785531e-02
7.839928959967865096e-02 3.839845235618508656e-01 -4.363218128656683181e-02
5.091435143445957601e-02 3.820861472117406121e-01 -5.197208109741687648e-02
6.775286033490264537e-02 3.803145090895065916e-01 -2.902453468148210800e-02
9.142312021437222491e-02 3.568070850150844020e-01 -2.451087954805431304e-02
8.380971058942400520e-02 3.498932200729741870e-01 -2.786040142659096039e-02
8.253456717587336067e-02 3.445639156880705434e-01 1.696880057196328492e-02
5.387919829623764867e-02 3.601356201592836870e-01 7.893446859068214971e-02
2.568838337860442425e-02 3.590931168940272866e-01 1.232622601434529147e-01
1.362555630780607450e-02 3.621469797552226977e-01 1.295795782284770437e-01
-1.165054801810800657e-02 3.662057265369255132e-01 1.063898679277233555e-01
-2.742143076453582712e-02 3.690121726560287585e-01 9.990765612616304969e-02
-1.210761737677883663e-02 3.744937667268010695e-01 1.023468618892419690e-01
-3.723433047638485122e-04 3.790475346103928111e-01 9.107379012549692010e-02
1.614577774499559998e-02 3.760626011258113022e-01 9.093929688521892873e-02
-9.497387946443731910e-03 3.584275887438799768e-01 7.981818726171140133e-02
-8.253945633434716517e-03 3.450434038907651546e-01 6.616124244281446076e-02
1.579602189660817349e-02 3.784126705002328617e-01 6.107534504299937106e-02
6.209121486853041993e-02 3.830221635723666807e-01 6.833418830647444708e-02
7.303756575660969030e-02 4.028252505281351148e-01 7.878075142788296126e-02
7.115883842005193971e-02 4.101201838632987373e-01 1.147380786059339214e-01
9.651557776463337568e-02 3.961823456889824735e-01 1.162884332169759755e-01
1.104179314876597984e-01 3.833337051067047252e-01 9.118105267391603264e-02
1.213890309157398262e-01 3.963485895020730787e-01 5.858078633395930740e-02
1.245700164990713871e-01 3.901721685942794449e-01 6.529392792157830139e-02
1.191294239272505801e-01 3.718039750976665503e-01 8.431968620805570247e-02
1.227653084051637811e-01 3.898364547064222529e-01 8.394376989677057588e-02
1.068384108912786845e-01 4.215086717250113857e-01 8.261474106597382905e-02
1.056796845363400378e-01 4.328271821235313288e-01 6.978844161691276360e-02
9.018294954014496878e-02 4.458120150119868064e-01 8.555566992539342941e-02
1.208337732598401271e-01 3.830902376538088405e-01 5.015314209014961472e-02
1.412473399469188484e-01 3.335656297881769428e-01 -2.323479912094305461e-02
1.244812963669199024e-01 2.806337903882775153e-01 -4.823318996110427526e-02
1.211101344671907526e-01 2.581777400206148876e-01 -4.838321747518587596e-02
1.071914339544415146e-01 2.193067006301817612e-01 -4.008731014960784794e-02
1.160321708534096941e-01 1.701751986198521693e-01 -1.266389085575612625e-02
8.636163050680324693e-02 1.503026205964187456e-01 -4.079740529588500586e-02
7.318652249171728186e-02 1.429753524797257314e-01 -3.623546052394503725e-02
7.890078936572214596e-02 1.222799427138547834e-01 1.603381861877626324e-01
6.966803654759880227e-02 1.549629277217155487e-01 2.365372433575100852e-01
6.879913782942705114e-02 1.669743735693241249e-01 2.258663468048623668e-01
6.595292430769482406e-02 1.888349069838337890e-01 1.812880636095751674e-01
5.337270977502354963e-02 2.049613879512656445e-01 1.188315512708844057e-01
4.655142047959773266e-02 2.158181317193390014e-01 1.235346971736559912e-01
5.412339586247524870e-02 2.277701029808302247e-01 9.439511082224906480e-02
5.136613347547666630e-02 2.233251026464771194e-01 9.230409650716361880e-02
5.473849533684958107e-02 2.570526970549721901e-01 7.600190639017645466e-02
6.673692768036638967e-02 2.654922699868459968e-01 5.574053100385767401e-02
7.140180047057541335e-02 2.678619110465422781e-01 7.850016488119276881e-02
6.418829144745827331e-02 2.723021568800800818e-01 9.594048441640809499e-02
8.312669196519947845e-02 2.492612533873998781e-01 9.470074350011525866e-02
7.485539627811391150e-02 2.310480721282826277e-01 7.389568117773170908e-02
6.293279061149585629e-02 2.768540163314036073e-01 6.731353247498729486e-02
5.809609949393846479e-02 3.020759774941549347e-01 6.915850304271232984e-02
8.522938414994683798e-02 3.044946142279186252e-01 6.219369018686998762e-02
8.023747670000856702e-02 3.005998356187014053e-01 3.300781220022328682e-02
7.918153801509127121e-02 3.557021875615646311e-01 8.731676418286463126e-02
4.693755105912893882e-02 3.740172797124059478e-01 1.171080056891498633e-01
4.326688630022020032e-02 3.697201245101645051e-01 1.238112560069341284e-01
3.717595567585223193e-02 3.812828638483425348e-01 1.252895203545507374e-01
4.754866605072127772e-02 3.851369343686121272e-01 1.219198476471118620e-01
2.748888966476226159e-02 3.846515955079164439e-01 8.113799386159625815e-02
1.592822110010057302e-03 3.756321868024909416e-01 4.359835901362163479e-02
3.690181090217219823e-02 3.829401544583118100e-01 6.863024312547166828e-02
3.880743618088269842e-02 3.556376764032086468e-01 7.713816966432152089e-02
3.157201424830329006e-02 3.439875563516068824e-01 7.544474824460126183e-02
3.851607467862779716e-02 3.215516480546373734e-01 6.056709349922243663e-02
5.065296263377037228e-02 3.226417473574328953e-01 1.258932333986160362e-02
5.789793772646806280e-02 3.979103628417625105e-01 4.310394983143742142e-02
6.096090150410706648e-02 4.156009330810534474e-01 6.633215693353786135e-02
5.837510821212694295e-02 4.151948645940868876e-01 6.866401828885210223e-02
5.216037332192417775e-02 4.270651591246325540e-01 6.208162525601701454e-02
2.755049447124174877e-02 4.372143670367438228e-01 3.610684831404916556e-02
1.890973396294150580e-02 4.384902786931871854e-01 2.451246042671233888e-02
3.110673066061607484e-02 4.291735534488982373e-01 5.097060813036786986e-02
3.931308519388111017e-02 4.052942714219515130e-01 5.369735253760048177e-02
5.870245357085684956e-02 3.912704585489373832e-01 7.029630272489294229e-02
8.274362632231350989e-02 3.767688424307475414e-01 7.823773739767951596e-02
7.640358829456589396e-02 3.608480252387517573e-01 8.485288347321885694e-02
6.242655867903727090e-02 3.529378734773219728e-01 8.711672575527798501e-02
5.216690116277661327e-02 3.469424040301779533e-01 9.045499388184513601e-02
6.407755663210062957e-02 3.626943406790291147e-01 1.035398213182578825e-01
3.304409517832874316e-02 3.412793633103842206e-01 1.225403073323594882e-01
4.110901241413607993e-03 3.428942211036855037e-01 1.277185673919943865e-01
-1.232527312322423754e-03 3.372493521277168949e-01 1.023779243464083555e-01
1.420654548078780985e-02 3.443707635071522888e-01 8.251171846624899553e-02
3.731024410171179806e-02 3.472484333533536471e-01 7.984680520007628179e-02
2.477919463576330056e-02 3.579297128619393642e-01 7.232289062335679752e-02
3.538128134341503306e-02 3.679842019573825729e-01 7.353992988890481475e-02
4.591562068187905743e-02 3.980521750621493493e-01 5.051173824232822740e-02
5.974059166194835985e-02 4.215970226494544226e-01 4.725820476607785897e-02
6.654866893570773878e-02 4.305407368813958802e-01 6.202900590397715519e-02
9.423187904650420776e-02 4.366852072657884665e-01 6.933303947340989370e-02
1.037643503771305820e-01 4.419768965500766034e-01 5.011092083931981134e-02
1.246416389671615443e-01 4.466271221798640556e-01 4.824747793139249480e-02
1.373794796033468435e-01 4.453292494366434817e-01 3.616638313030537399e-02
1.220490603617075676e-01 4.430018402329865546e-01 2.467853252185833041e-02
1.481097465034292848e-01 3.989740302760433899e-01 -9.579008662572308097e-02
1.425077379501707986e-01 3.581890953060662963e-01 -1.194406042968399473e-01
1.430256568392914984e-01 3.423849640736562061e-01 -9.862483652944455115e-02
1.276864205868044333e-01 3.383765841464857482e-01 -7.023844103323508004e-02
1.372930057600264819e-01 3.264258688303381395e-01 -6.222018783310245826e-02
1.412410973008768333e-01 3.033994729154549930e-01 -4.918210854109511532e-02
1.479964960683778918e-01 3.089524698819645643e-01 -4.123406078799753127e-02
1.578516492695445361e-01 3.313722300036730517e-01 -2.180248884724158079e-02
1.511734659898340549e-01 3.543668236041501163e-01 -1.975323060459687960e-02
