#"Step","Potential Energy (kJ/mole)","Temperature (K)"
100,16.859827494942756,85.0476619292411
200,62.60253930597615,128.0900561254385
300,72.34413638707186,172.90668836515962
400,116.47935294452293,202.3998461177112
500,102.93186025692029,234.773772817007
600,158.96160177846932,237.6549136547284
700,159.54396387088937,258.50741339442806
800,168.58888441417025,286.84799126962037
900,179.16048874212822,295.19628065319887
1000,187.36699036779186,275.7786116859583
1100,175.45690735114087,294.36665085156596
1200,193.37278998540197,280.90834945027586
1300,172.88661377143055,303.3541231865485
1400,232.5571623721869,274.0786098658103
1500,190.80740400312476,298.5718939571874
1600,256.5078506806021,295.2919423674049
1700,244.21371890484818,314.90170033342287
1800,259.9634933777446,306.6205223192032
1900,255.0578853102552,319.91611066574706
2000,248.66194859202352,322.7297656467941
2100,254.99662650060367,318.34873637212223
2200,245.30090956726877,310.0660706926959
2300,291.5228813851177,298.85353545224933
2400,237.06594263028438,316.7793639627089
2500,236.64010524165067,283.90611952242824
2600,230.3087686160973,290.6156013530467
2700,227.0817887900555,289.7646957146247
2800,230.66154628532408,292.7944464343788
2900,230.54957682800193,324.8978597910373
3000,294.56586575696446,324.4172612008351
3100,201.6602012098612,355.5009543240131
3200,298.6213265892676,321.4110930411104
3300,228.25891382787773,336.5276856261882
3400,229.83677527779147,320.4823750397983
3500,245.10452934856218,318.4596534613515
3600,210.45627566331765,317.9163795913803
3700,236.95415253341508,325.53906052891085
3800,206.648635061469,341.79880080331566
3900,236.10635238987697,323.6898283712731
4000,218.45460483934167,336.9205744413165
4100,286.4963313813664,300.4369870033207
4200,222.44995719324427,326.9578921081657
4300,257.89712116303986,299.58134263141227
4400,231.72071789747847,297.7686025819931
4500,267.3545873163452,277.537983551944
4600,261.1127295012562,284.5920241812421
4700,240.4244837961186,293.09875921090156
4800,263.6549562996112,294.6743878678101
4900,223.4820928077362,301.8912665303729
5000,248.48051236304454,298.6802021554367
5100,248.45711396325717,298.0768791918047
5200,222.17006522201686,292.76351531144195
5300,276.58479119138684,298.37434722535613
5400,232.42444534502576,329.2720422734849
5500,291.20938544368556,289.98800998325737
5600,205.78305719364076,332.8306812090345
5700,267.9521659229143,304.73077741466966
5800,217.83672259401592,322.3282562841106
5900,266.5362896763259,304.0850263723512
6000,238.46531554352248,316.5908989138187
6100,255.93199218481152,285.4566469828342
6200,219.7984788555719,316.3037435285872
6300,273.5060692238603,289.0576688051627
6400,192.89342072758328,320.7481944009376
6500,267.99041456721113,310.90207848455003
6600,239.29389442758625,299.92316632818324
6700,254.72779386749633,305.8977549726586
6800,275.24684337683027,328.0281149462424
6900,234.02367319876285,322.3406665517366
7000,251.4076886712735,304.2307895921296
7100,250.04860338891734,306.1284767465156
7200,244.64039312070494,320.82040166414146
7300,238.7172700458674,320.16231860249485
7400,258.47898183941464,316.93927516560916
7500,248.36806390211584,321.5231827397977
7600,248.8786944145297,343.45595439246694
7700,272.3074263021421,315.3454150072857
7800,264.35963113559916,308.2688383537619
7900,243.31721327970652,312.0174698398466
8000,253.0837351453798,295.31647208914376
8100,211.46036918107174,288.39967631078446
8200,219.12531192267093,288.6300854692826
8300,197.9711184042065,302.70461647467675
8400,224.56486965300286,294.90460467288653
8500,227.42256407383084,288.8053288181269
8600,224.25588687211967,263.4119317014214
8700,219.4275442550893,259.2173179273423
8800,235.5871971369503,258.62730126762136
8900,212.47629817060778,270.2080962349756
9000,222.3942885851167,275.80432394700824
9100,231.266284876545,296.2740578761458
9200,245.25181102644376,287.9579651467162
9300,218.91149823238794,297.71942279448206
9400,237.5946699270288,288.44216256419924
9500,204.36211060884781,311.89647720144495
9600,282.39889026075235,255.9513080529876
9700,217.76136179453962,295.4002371467508
9800,229.24754534462707,284.802551507853
9900,250.4030067036715,276.4502720647452
10000,217.0216811502186,297.35674784856707
10100,217.27387729525546,301.3217004637853
10200,234.17478032598265,293.79363825452583
10300,226.74201371875472,281.75792685877053
10400,180.42641589906015,297.321191992854
10500,245.6667531084546,286.0713922626137
10600,194.48515855479278,313.1620209786493
10700,213.09735626090426,286.32503678113056
10800,206.95787096912306,300.641939719261
10900,224.41752725564172,302.0969885408719
11000,231.76104267023746,315.3548076733296
11100,194.1920312408098,297.03438082969944
11200,225.79826777174583,283.5988728269135
11300,237.5506452962594,290.6431498956495
11400,215.9207873415924,294.9025573928985
11500,250.93625016479484,303.08993633641245
11600,236.63879941560722,279.9770303601729
11700,240.7803180587781,295.44802587839257
11800,224.06170365081712,289.36613409522505
11900,261.2609936810801,301.12030051967696
12000,237.08565547897533,331.43666690202184
12100,288.21540152514837,292.56583348227645
12200,199.41674971546286,325.2756616197012
12300,282.8389406170857,292.99586154234527
12400,226.81994205750334,351.53482495602185
12500,249.31005433815713,310.21321724551416
12600,216.691872916009,300.94874312078707
12700,223.31908149833617,305.06559771546705
12800,234.47587150855153,288.22304213018754
12900,198.86853121173536,287.0863528200135
13000,231.88253947847508,269.0921926228694
13100,217.6859537318541,302.82151059255466
13200,229.01788051381982,291.1658950346081
13300,256.7552256864078,287.8461536151128
13400,228.80571185623594,289.1338492743334
13500,246.0394208356649,286.17957382764166
13600,248.73059034539358,287.98561099936325
13700,255.34485203152371,293.33036541781024
13800,250.61752408644432,314.5980404365212
13900,247.96798410575855,309.95145371133435
14000,237.0139446057758,310.9948892210634
14100,245.3324106080977,310.9985687079046
14200,247.78252976797765,301.1080942203038
14300,232.43224908704678,285.3513370651525
14400,202.13576338375594,269.4443924600689
14500,200.7879801977696,242.99138403938102
14600,194.0669486263434,273.9543224244751
14700,209.15466582504965,292.6795737485395
14800,233.05737122405935,291.6527274919965
14900,218.06203078274115,303.920957759571
15000,251.22779430344286,274.75631164941007
15100,201.32843952360471,279.3854263833317
15200,264.29042401171074,278.26428623461356
15300,262.5536833435331,323.41845131165434
15400,233.86979684016373,345.38954465025495
15500,274.8539513320554,299.28695842372383
15600,238.1719455880566,320.4058398114081
15700,283.25979504536355,314.9736302967375
15800,247.76496075071782,309.8463036355259
15900,243.78280760154075,293.3547546678065
16000,248.27868060188882,287.29334254720845
16100,231.02755229122016,289.9654898260288
16200,284.09222850022985,258.16093436111737
16300,221.6860417412925,283.74293790687005
16400,258.290097022942,278.1229635396854
16500,217.97227246756788,307.1980416752013
16600,236.05763606159763,286.5366728069644
16700,229.26338588555362,286.1567952451403
16800,207.34615952540702,305.62146462543916
16900,199.47251964408355,296.63120220750164
17000,232.8046391298291,292.5034934627668
17100,241.4764614745542,286.91538763373075
17200,220.50024950583003,304.7049419633203
17300,232.30066093752365,289.9327740484338
17400,191.66020582797037,295.4926414715772
17500,223.49140776534878,288.4929509438354
17600,218.40169496950918,289.0254971948985
17700,197.88072990724265,301.7202477477977
17800,227.54734897176988,313.262010039949
17900,217.46679205242694,315.95438395461895
18000,218.46707148158808,280.9250209345948
18100,219.99960423964356,306.0906806000754
18200,227.3178890934093,308.67799618106005
18300,221.2526133270918,318.2669539190779
18400,248.99383327622087,316.5961131077188
18500,212.5387570475577,307.17615164027944
18600,240.96962770037408,285.3601279647741
18700,214.9997706852715,307.07849845664197
18800,269.12052319910646,272.32765298477955
18900,222.68546862217465,278.40298497630926
19000,246.33128408541398,290.7895339880687
19100,236.5183518413895,290.3612906709553
19200,212.45374408660513,300.6753965775214
19300,238.03827832718875,300.73097094406717
19400,185.13479977052813,317.7128149927695
19500,213.87669688496072,304.28428692585595
19600,207.54660366824882,339.5676884641181
19700,241.7317590017297,342.62278956806256
19800,226.96223963435955,357.5411485334834
19900,220.05678850473308,350.09560367265857
20000,243.35885893360788,320.6372804855925
20100,240.31586630114492,299.3708539747462
20200,222.58876321988998,286.52708050322525
20300,232.07749441324773,279.7007904962974
20400,230.61538419016932,294.3838854780968
20500,249.9063351453505,281.9617697251219
20600,181.7969391963703,282.0888470129252
20700,228.50608422184828,289.1922442854198
20800,240.53044345587674,277.6754332446288
20900,234.13954573290505,282.11276333336536
21000,242.18650986241755,273.934672972752
21100,210.91677722661447,286.866198507447
21200,255.03740806873304,291.93796671397973
21300,219.29703799051484,296.37050985820076
21400,223.97167837142032,304.3445305402407
21500,247.60150399919507,301.7865866178514
21600,213.37583215326538,315.66012529490763
21700,229.93569291952215,294.6398364407487
21800,227.16986836753804,276.4572137915469
21900,199.66492019958812,279.1821643967538
22000,203.29303681914845,275.17502552190433
22100,227.95660540993302,293.71312072827794
22200,196.79789938485305,297.51577414517504
22300,213.5343278180089,296.85517193555694
22400,245.66943008352678,293.6593317326427
22500,213.67538147449164,289.6509896614056
22600,247.1628368675024,271.82183924624593
22700,246.7890663346169,280.7729803628149
22800,213.60335204950573,295.5390540440506
22900,258.2109618566586,308.9807229363125
23000,282.32517112083934,303.14325865869404
23100,198.07024244517066,306.2796995895431
23200,254.35130359435612,269.5092759313627
23300,210.61381264736212,307.0985249688869
23400,300.65405182025165,289.4156525249215
23500,257.52308150231306,335.9975153893943
23600,275.23305802515813,312.58997052764545
23700,267.9241282220786,288.29292355843666
23800,249.34179517477008,296.2821978378378
23900,246.08021404174048,306.5256912414474
24000,207.59409815263024,298.92738619969674
24100,247.25303415521464,282.1648491016913
24200,208.64987859313985,310.87373853847606
24300,232.62988982467203,299.6519077799214
24400,254.07257425141097,307.31148543656053
24500,219.82823498294175,327.2092695155695
24600,276.5876619890339,298.4083541800146
24700,215.1970211835365,317.24492595393536
24800,251.28409843237552,294.4075658598012
24900,219.3541663924263,289.40474990067537
25000,218.17974976783458,292.57061704131723
25100,217.2974792460505,268.03050479531265
25200,183.12581250712097,282.3264697275545
25300,184.41163147389392,274.5147522668448
25400,188.83065680286245,270.59718902548155
25500,198.83566353593739,274.1867415232507
25600,223.33028708336235,267.8938513107515
25700,200.79426354103737,280.9852111246837
25800,216.3232059670118,294.1135453553601
25900,256.72414455957323,293.74397033079134
26000,252.31788982204066,298.7080561320777
26100,225.3724160903018,291.1996636476346
26200,233.41688668634634,281.37223054716213
26300,204.5125813152672,277.4213812376839
26400,229.20661598024353,259.589928138797
26500,209.69180477473364,277.0733998519168
26600,238.06903914303047,276.8307268817814
26700,275.6041272850489,279.67050738182184
26800,215.01129258841777,311.9794524168959
26900,265.3909584535075,279.53271053261767
27000,226.2650992544581,323.33532399692206
27100,225.95525883654543,295.55014778784783
27200,248.27379167909936,304.6079763303346
27300,246.436536729308,303.8935247506628
27400,251.51543006543412,316.4624638268864
27500,233.32802419080195,306.7757922830886
27600,242.45982954328602,314.8226529287937
27700,258.6741473451918,323.3825973433536
27800,233.94429454375407,314.8082539395947
27900,235.82262854249132,288.3615121043329
28000,231.72829396973157,312.098810502864
28100,195.52701264387292,301.4161748825175
28200,228.23230560510189,294.0227323386517
28300,234.71050336232454,289.00662565999824
28400,197.37241149619695,315.4517096950021
28500,243.35195830136195,302.2986777689526
28600,245.38508318995935,308.81200936814196
28700,220.77439972503413,297.7236420376515
28800,230.28610259547588,295.2159997850082
28900,268.8619821014279,285.4913214760916
29000,222.6340321286734,298.3065890724682
29100,239.87819819165114,299.723709910985
29200,241.99213137906378,292.31847381997807
29300,219.80015310740768,300.2604486431072
29400,238.95463126595718,292.71188992713644
29500,256.3372111130377,298.084837477835
29600,228.6145123242179,308.5836053737387
29700,223.9304499125702,300.7767985297534
29800,226.78708095747785,295.0806431432558
29900,200.25361740125322,294.7355061154065
30000,212.47596507254545,277.29712910156053
30100,209.5841888174541,296.0539756640895
30200,216.2131551124528,289.88276502345946
30300,246.71731210896374,264.0878853289585
30400,197.53322557301126,282.68280065046474
30500,219.26904861325409,279.11638104853535
30600,205.6144055969007,269.8443281466577
30700,199.15400672812925,270.56643459505597
30800,201.72548607294624,275.39439065724594
30900,212.93266020613106,294.1760071678661
31000,256.21624370376645,289.3139984094251
31100,229.90944285870424,296.2354431648006
31200,240.81062238014346,279.52492617120856
31300,193.55840505690355,302.5352999021844
31400,240.33203283488865,289.12674699195435
31500,196.50183514013852,310.36513773566406
31600,253.53716650824353,295.5006504236066
31700,210.19118963409613,306.1733337460992
31800,270.3280035221749,275.6671192584739
31900,198.96130160582769,299.1526029244691
32000,281.41907301428995,279.45677470853565
32100,214.1632365086743,305.71377172740864
32200,218.6427502150022,288.37118366564215
32300,231.52766242419384,275.47681686651157
32400,210.17470539782295,303.3441207165573
32500,250.76053785175662,297.56471805113875
32600,180.3468293102406,319.91026495956646
32700,264.064763681469,281.6997995968232
32800,191.54994995938802,310.77663240832624
32900,245.9068123328613,288.0274925946315
33000,250.12141709005778,297.48656218936736
33100,213.76731078888668,293.8503132171049
33200,232.3573666871546,270.5538740599347
33300,210.8009260245238,253.62080911450917
33400,176.15837487151165,271.1915484261561
33500,223.08588792204074,246.8879554388756
33600,180.4695792172259,269.94010918338597
33700,209.14234369819258,249.39192311371437
33800,186.7683712990311,265.0364264939928
33900,190.93049810985698,270.4349507587202
34000,207.52669641505656,291.3379923144089
34100,229.67897103778597,276.8217336605629
34200,219.08633195183964,282.5642851739363
34300,232.6816492269862,281.42931979363516
34400,249.99251944262568,276.42863122697423
34500,190.27212926849222,288.5797253835579
34600,247.10657125078393,259.7590910716312
34700,218.85401739264182,301.9977949325912
34800,224.92896124393417,290.57047119202446
34900,229.26288075471206,284.91464963916854
35000,220.16582506837824,272.24958081153534
35100,232.6388744696602,278.9726378483749
35200,206.28710085497957,305.9163640666808
35300,218.04277827354025,268.00338293741083
35400,193.12214603337256,293.03666984138385
35500,248.15554001980666,284.3709964852795
35600,209.51728912049404,299.6753315396876
35700,249.64308790276533,307.75124399761495
35800,274.7382296080782,286.70678696240884
35900,255.3050922826107,296.12384452667976
36000,214.6810478472744,334.6179284016892
36100,294.7492328553535,298.0845672042518
36200,254.76254717438297,329.38661761943666
36300,278.2796501878906,317.05328591945084
36400,268.3186450909783,319.61892600976677
36500,211.8187981495898,333.47338322996563
36600,247.05382117074805,307.392245092146
36700,255.50917406972567,299.6111431240308
36800,233.53813142514724,316.1672436135802
36900,249.49219518198385,292.51548541005434
37000,227.98465946348043,287.197069357021
37100,252.1704369376035,276.55004778696554
37200,220.1321842621812,305.24085400991464
37300,269.20184984281036,313.50086041201723
37400,241.39219038523126,322.5768748315437
37500,241.26301808103122,310.2933330262641
37600,239.0949222015692,278.2362983126286
37700,225.8439849602409,286.0879704741025
37800,228.78212944588876,286.42168950473246
37900,199.6348551221884,295.37021102587374
38000,255.266455580052,293.10128313494454
38100,218.18459548024907,301.4463507636208
38200,235.79620010949418,307.3981160282843
38300,257.4140311903741,298.007918172055
38400,252.78613405682705,304.82109972473694
38500,260.5834569384922,286.3044487153831
38600,272.2262910544475,307.0871830812817
38700,248.4775133796249,315.9329993743627
38800,265.25814251264694,300.14358136716663
38900,254.14260412579847,305.0364373602697
39000,222.7417663727757,285.8359245237525
39100,259.79509246562856,275.9799278807373
39200,237.8319275193828,293.6093487348005
39300,245.06593421327324,313.9091278642376
39400,237.39482846710942,331.9297153246084
39500,272.5653317002981,312.34629972799587
39600,235.19594267902707,324.82924919739116
39700,207.193650150984,330.45917161969544
39800,213.2061409048177,294.8036462735368
39900,208.20604413692956,299.64390923115315
40000,210.54470723872723,277.46600759079024
40100,173.84687475982037,274.61079092778687
40200,232.86431133662276,288.2361293775725
40300,181.83086437812455,319.38360798409246
40400,219.523365547639,283.14124783613323
40500,192.1235730865705,277.9721460624805
40600,219.28676039923562,265.62331564831146
40700,232.2507632510316,271.8061732165139
40800,228.1024418242523,297.44978101690594
40900,262.3462010126449,277.76267080682953
41000,205.30714371229402,312.13213643008976
41100,305.38920421378907,294.3454329056633
41200,224.9246252730707,327.55613603040393
41300,271.3575524051608,303.43882181174337
41400,227.70621095292694,326.1610626775773
41500,294.97507825291837,283.81042747265155
41600,210.86892191392164,307.62390591007653
41700,265.4516888789613,276.6723904168782
41800,243.11368534826778,295.048336618694
41900,211.01944194113545,299.9060715510547
42000,242.60835236185596,293.90398326512553
42100,218.5681366784935,329.6721317204658
42200,266.42728691096465,308.02128204156367
42300,219.73175716209505,309.13529348616134
42400,266.53667982002185,304.29810449281104
42500,246.8913189228958,324.01984251735615
42600,255.79253118997082,306.50025194758985
42700,232.55234087240294,318.83831889195403
42800,231.9196594407535,301.82157061308254
42900,227.57981604375334,312.41410206120827
43000,223.27566678547905,303.9503223931403
43100,238.6081742280732,275.709587694437
43200,236.9230801157004,290.47619544042504
43300,237.2293764981353,289.2317988449587
43400,214.5289727001871,277.2315599578214
43500,227.43649187599402,265.97731787421293
43600,218.69857053170887,284.7679973083714
43700,216.1232309755656,292.09549783621065
43800,229.62627795532916,303.7969731996031
43900,246.66191398397683,306.34862533642547
44000,263.74657829471374,302.95435527715415
44100,225.6077585429942,305.3870502636713
44200,220.17294875755007,321.69045764842923
44300,253.87974221477236,312.56372521192054
44400,206.7389895221293,304.42347644268693
44500,231.50260063989745,304.05019534738796
44600,263.45529195818517,297.7468332095203
44700,236.68585905031952,310.7255690786444
44800,248.985179918207,289.9705191762839
44900,208.38346829044275,294.50008470979947
45000,245.83947484182664,286.89112228664203
45100,220.5222096593935,308.86222870877464
45200,240.44718192342046,292.7981606630342
45300,225.07225329274112,296.0044861409805
45400,199.93923385038022,299.64024084280334
45500,241.49377829877696,273.99068902594206
45600,199.70648291901506,291.5420348317366
45700,227.8423221825738,275.5380625235159
45800,194.81933496334494,302.8509290127586
45900,216.26154044295134,303.6602851400631
46000,193.5631631404922,314.07141782472166
46100,226.48680389220218,289.86868500132647
46200,179.11808669231456,298.0704515374379
46300,224.49906019778908,265.65724746750385
46400,216.55050392339464,295.5619568039575
46500,202.51044117386004,305.39873009524774
46600,219.17876601250165,278.2019637874662
46700,168.11796317361046,252.64847081307235
46800,226.30443755222836,265.61281211940616
46900,222.17406316154512,272.5010145774364
47000,220.336686405499,291.5376544043698
47100,274.0555013031722,303.6364475253441
47200,223.25107369925658,328.7508720095712
47300,244.21673596864522,289.5646038291802
47400,196.23140793929005,338.6119465442604
47500,246.4872616817291,316.7396793732496
47600,236.938238611071,303.7723838443716
47700,258.4160614877105,311.0378359935104
47800,244.50334987602275,304.79492606912476
47900,230.93098168823855,306.36543571176713
48000,207.52077594791228,321.3675147510147
48100,277.7902770214684,304.5862541758654
48200,232.44472678013335,315.0315164939721
48300,255.38483006903115,311.12026081250036
48400,268.5417739012321,284.52028162181745
48500,259.4131931468187,279.5310428044446
48600,277.4667941809147,269.52598394943453
48700,236.02922652113432,276.39796001650393
48800,251.01309111702625,295.76140503566273
48900,239.0564298476591,301.0913280542527
49000,260.9321133520984,287.66085110250947
49100,238.5590150387004,280.7116979027743
49200,232.31170217703556,306.7168812848961
49300,222.890787595707,291.6493823574625
49400,253.25490073960736,307.37918927437863
49500,249.24156380322245,307.82535210935566
49600,241.74548743632076,318.82355823685486
49700,299.4643619879005,294.33030086105634
49800,208.16167177232754,313.9232155734215
49900,279.92896440811467,272.44681347833665
50000,214.01121458373845,318.88678475843284
50100,225.36958209791482,300.09148600839234
50200,216.18870298732162,328.2218155272978
50300,238.72438563733553,307.2984307349343
50400,220.1873478454388,314.9504769194309
50500,250.96474143409026,289.6503052151417
50600,198.64088376457093,316.5206534494378
50700,255.2795809110751,321.5659420547391
50800,233.58294947930048,324.166878411268
50900,250.84312662033258,326.7878614919721
51000,263.92308468188367,308.9612670160754
51100,228.8154805087879,334.34510509819904
51200,284.5442735816113,312.5789222206496
51300,233.2993886069561,311.9409505191931
51400,277.86389521020106,305.56525831385596
51500,242.3986461115289,312.5968040565817
51600,261.37255752095916,303.09511170108834
51700,194.02736696188967,317.7132122678326
51800,253.47466679957498,292.6761192189882
51900,232.13572942079296,304.12101974609726
52000,216.02321639293825,320.0619230939343
52100,263.2549178128805,312.313794066812
52200,220.16823798892517,324.38812380479624
52300,236.44874788530097,282.92066271478717
52400,206.3239035565574,307.4143705814673
52500,233.9398524989483,315.53744544216426
52600,234.65076607936552,302.79298244846797
52700,227.2543793411539,306.9661534225787
52800,251.15273701435137,297.1379496115542
52900,275.73842649404577,287.58953567173046
53000,238.9413538101377,328.13468610916436
53100,306.2145911869016,289.1570854296002
53200,219.5783515522856,316.40880538653295
53300,287.8951915601169,286.63958215570676
53400,244.71383086851912,321.0742213394607
53500,236.50201875855902,302.73264733240393
53600,260.3843206340413,276.8717987571055
53700,245.6937846493588,284.3938796983612
53800,244.54935363980036,308.6693871984466
53900,225.4573254231481,282.86979276676533
54000,207.23595148493172,296.91217073082754
54100,245.3036513131297,277.15356858275237
54200,199.98661067883447,301.81539380812325
54300,202.89418297439687,287.7344650209834
54400,253.48154227007478,270.6613688951259
54500,220.04062710857104,289.15148727292734
54600,222.00159102215375,292.0654547252638
54700,243.87916253507194,273.6814743335984
54800,211.02224660868382,279.5689849268286
54900,253.6418596476061,252.99414207408827
55000,220.895031512672,275.9904434737049
55100,214.52796867138403,272.8989773667868
55200,177.00587581525562,291.5994362273643
55300,229.2982173620076,258.01740204693624
55400,191.09043374005594,292.10056668862785
55500,246.31071351624178,297.8414631107173
55600,210.76036495649893,291.85491652768235
55700,256.1905558898134,300.7039815988807
55800,239.13574724673992,285.08937523404404
55900,227.34696666582687,284.8122219652279
56000,240.87537386107456,280.86515028558176
56100,208.14569107913442,307.6559270578137
56200,250.57221795795306,290.1289911005844
56300,188.72257262321793,305.2398543633395
56400,233.182570828376,278.6209466106417
56500,208.6004264050785,294.38199570185725
56600,205.33940849694562,299.09847421542236
56700,220.875043152765,298.9018428005881
56800,211.6704312463427,300.7228172677888
56900,250.3216890638207,299.2949689534366
57000,233.93805158152588,318.5795056359885
57100,283.11732370559133,288.0666247910828
57200,219.20996890139853,306.56841079737615
57300,257.32928544432747,296.01157313415126
57400,191.54319674495605,323.42297993113374
57500,298.5964327450497,299.34534622600285
57600,206.695895405208,335.1124682990809
57700,256.74333431000406,306.47815765362753
57800,246.83992261728554,315.6545812228178
57900,235.85026808485586,304.15667079749767
58000,223.4023087896261,295.6852153624458
58100,206.2880667116093,296.0753300664002
58200,209.85143415097733,275.81132105429094
58300,208.62475893127538,292.8062536819519
58400,216.13394727173915,300.2635849647392
58500,220.29853799217213,314.0397165433738
58600,227.91555719326348,292.95279628647984
58700,196.33643900217442,299.5492794942193
58800,219.11155101719996,278.5105636840149
58900,197.54624922671508,299.2544805587209
59000,215.57059224553865,287.15124102770216
59100,208.87019803067798,291.9661916913007
59200,195.18432150202614,323.76390463521193
59300,196.49534030562378,346.4153025737475
59400,231.47158736485767,331.5582106612424
59500,222.7593466303656,340.6414274259658
59600,266.93589218074277,304.6684573358335
59700,219.94959631364702,310.8343501157177
59800,246.77234057938358,294.3620388800215
59900,273.1273606301612,300.8448214294164
60000,233.45543645356022,323.8620926227868
60100,252.36377786491676,304.7081725003792
60200,227.3745109391432,328.23540263803557
60300,267.5090511439218,307.9131571638132
60400,219.44038492858692,329.7952426074079
60500,278.9503034284225,316.98271983025944
60600,243.96560689914747,323.05947916904665
60700,247.39366179254907,310.8915260524441
60800,226.89584033236682,300.81471107610633
60900,223.4040881067364,294.58034707292535
61000,228.1114849730304,281.3214463570433
61100,210.19094346585237,301.47220100139555
61200,245.46343667203445,279.6413179598559
61300,199.6924192113937,292.85578181888496
61400,249.69318048183715,276.887091033098
61500,197.9266224511011,298.3012730849403
61600,234.38546739866644,298.26249734133313
61700,257.84036490331914,278.95911640251035
61800,214.43283317931437,315.24158854818523
61900,248.7664770883806,290.28604005946426
62000,199.94698455550505,312.70350066064316
62100,233.57690556771124,294.7376914721338
62200,240.07114141813508,291.28512807577175
62300,237.0194595681174,285.10659071490113
62400,241.9106866922565,315.03044284076975
62500,222.11927673674293,339.37593976122025
62600,221.59014732967006,344.8068950884642
62700,243.07800901860455,318.53473641130495
62800,206.66072140001864,318.40545806443635
62900,224.12531770803662,318.4673096585008
63000,242.76758384809142,296.37412963827603
63100,191.65192332201838,317.631466355969
63200,255.3715070322389,300.3427150948325
63300,238.44485780309859,314.37024344738734
63400,230.76352222205955,314.1019990999757
63500,216.21921707996083,336.36896305666886
63600,213.81859138105827,315.81003844057176
63700,262.3069460891916,293.95998437642345
63800,222.38304999044857,295.7242382151759
63900,231.82155270130545,262.7321829868527
64000,213.8709875353881,288.7838937942544
64100,238.4181244412331,283.04457024933674
64200,226.5927511816243,292.3700926948758
64300,269.0719937507767,278.62807457359906
64400,249.09325124865538,312.822856961621
64500,262.1766131238911,305.1651018877553
64600,235.93966471697092,310.67678871651
64700,240.58945676797083,308.1273810752732
64800,243.32843639810739,331.3360147571991
64900,269.7843846556313,317.13467773116366
65000,198.08927816913007,320.10502094748966
65100,299.57997245340516,294.4151624303987
65200,183.94155410053497,316.0840223674359
65300,292.63583819994,276.60977693385354
65400,199.63003840246117,302.6028411255885
65500,224.51358073491025,288.3779349084298
65600,253.7150353209727,300.80500567925884
65700,235.71902182439032,283.7305677263705
65800,237.05031082586322,269.9588001470005
65900,226.36371234559448,302.8073336834847
66000,250.52829350032818,293.9237744336899
66100,190.7110973710266,320.5083487130731
66200,268.3920860980067,284.67097676004704
66300,196.69347729527243,315.7382266462494
66400,258.2220149584473,292.2908376434409
66500,232.27129623305052,309.2434156140408
66600,240.15862136454302,307.61577908046723
66700,245.02807446203877,322.32170490438074
66800,292.4250178407977,291.74873604131596
66900,182.5257534859531,324.27705234864425
67000,262.9204488200776,287.61278261737687
67100,195.76317471014514,331.18184035885486
67200,235.20046368868256,307.2927021924736
67300,244.4568048553238,305.1071679812984
67400,193.04088704111803,288.36096015846545
67500,211.13759033463373,293.6939911980013
67600,258.99750400459385,299.99929185498115
67700,224.41256073446584,312.9885928625594
67800,252.01322577544866,287.69886854283664
67900,238.52908860792587,323.2108762790438
68000,239.19894677127667,296.9901665742778
68100,237.1324852655211,292.51903966261335
68200,236.33651562898928,285.0355839490572
68300,248.39771008996067,280.38647785770223
68400,249.5372497603299,295.7974790775488
68500,268.0297771207835,289.55719100755044
68600,259.9443017915131,292.5312287098094
68700,224.79651613906609,282.8875605622972
68800,246.0749919144184,281.54950629661306
68900,270.0659898408633,294.61357675560794
69000,237.51649169017077,286.65165966026467
69100,261.2749290169726,300.1305265879953
69200,252.9082986499436,303.7784440350617
69300,201.69600937751323,307.433714304441
69400,227.24898787992808,299.03690493578694
69500,191.46958998834555,284.81374846541354
69600,224.8856239483481,282.1633495036953
69700,198.1117338103442,285.389274617996
69800,227.1132225164452,287.5713972474273
69900,218.39033338853847,297.4036831804778
70000,239.17538036376547,318.04858281773727
70100,257.50795087803425,310.07894538540387
70200,219.42925960486832,330.79989225913897
70300,265.7976351660544,284.1020445059295
70400,238.4924766241299,302.66710463545064
70500,248.08535863959318,278.8865784830174
70600,240.59527990787973,282.1550791395911
70700,221.46791421230415,293.9980406207196
70800,221.9294213751398,299.97604321282876
70900,215.7050852315862,269.97200812345466
71000,215.1147297714071,272.1262045739828
71100,204.20488186296848,305.9929366368164
71200,229.74599808450213,324.3255094063242
71300,209.30859878383328,316.08084975824
71400,224.5943189285264,294.3828575840148
71500,213.24653429354402,295.7194545785815
71600,178.38422354671525,299.4575814773673
71700,209.4056028835517,275.88827467370396
71800,198.9181034202267,293.3873309363748
71900,230.56465600580202,288.95581528684323
72000,253.87576599953223,273.4702538941207
72100,185.7034669259244,273.18507759369896
72200,200.44929777189222,278.6895034861384
72300,209.63881451733494,273.24418875979194
72400,176.3716840442105,289.5612141580683
72500,217.7740030193312,273.9754652405168
72600,178.31331497367842,276.52261831464943
72700,234.59872526798648,254.9907365529341
72800,210.7383896015451,254.26149683136092
72900,225.60047084225235,264.4567762662783
73000,234.78646943461337,277.59347255006355
73100,207.0644815985786,300.4627342556406
73200,259.0390945320054,272.83824092067266
73300,184.94720131691798,291.75252458471164
73400,240.62984646525067,284.6669085832161
73500,234.07460275748798,307.39864813773505
73600,256.23731567059275,304.95085254954006
73700,250.01326550433117,302.6785428023955
73800,278.9625916730326,286.5409729795673
73900,239.99457053045384,293.57402408404386
74000,259.5124129371104,286.229623701909
74100,260.17104008557806,294.7312267006201
74200,280.0978710799697,310.19664149556115
74300,239.72638309465754,297.57893358077996
74400,212.28546039687907,292.21196052791123
74500,225.74391189563022,295.67784607608434
74600,254.68990489065857,262.79685429919545
74700,193.86015382442983,283.4225428407385
74800,241.9139877790128,262.48740325203215
74900,201.73573762896416,294.012124822237
75000,246.24758804866158,277.50335835256726
75100,193.97529603311318,298.806326257293
75200,223.3827591571826,273.2111483199771
75300,217.16222076300642,268.33911852509107
75400,161.56148278104342,273.80246378108313
75500,248.945532245994,274.9071996683064
75600,206.7052117255922,282.5857459395125
75700,209.66584703865976,268.2368752056373
75800,240.68503445857039,275.2081709246099
75900,189.2794542318091,293.86507935715554
76000,224.02780338445444,289.9334018954431
76100,222.96418746587233,303.9569196327528
76200,257.20395432592835,277.28554755232346
76300,184.9840349077964,303.17992021917786
76400,256.8820888699174,269.4605123664894
76500,207.95105401030503,302.0657710725546
76600,244.67277595687307,307.53609368256616
76700,260.05075707657414,302.07313667983914
76800,194.8237316827841,323.8388480256491
76900,244.3783672460456,285.2878602080759
77000,192.19970134340198,294.73056491405833
77100,212.03523856351433,275.6898033270728
77200,222.10013551279843,293.63151790999507
77300,253.1832577322092,289.7897981857897
77400,180.57901528057252,301.1486848091958
77500,241.9375549904658,263.24295151519595
77600,191.3988015643472,270.32311500186063
77700,213.07632783354393,247.79360973954124
77800,205.16198379347514,282.55995072899594
77900,203.00656578752856,285.35786355952945
78000,230.1602928329156,288.5826544701837
78100,203.53857765855733,307.7433593820167
78200,236.80645913523165,327.4598174882347
78300,232.38216610489113,319.1309691049351
78400,236.2961014424945,294.659727453321
78500,250.16687870707486,269.32621192360006
78600,218.05186647878347,296.1284848591629
78700,260.1168422537488,280.97763468542934
78800,230.62887632875837,301.17772442544344
78900,223.213686824119,307.26723671352283
79000,276.55313367585524,284.57019137329337
79100,206.96271280302636,297.3160855021359
79200,289.6386662798173,261.935090899256
79300,252.61627970792523,282.21296178382636
79400,266.4758497388031,295.1643237383747
79500,291.0374083683217,288.8060088920096
79600,237.49846642089594,310.3611683272611
79700,276.6676381659297,300.11213023782284
79800,225.8206956509712,307.6809890590989
79900,233.6252593122011,267.0510453876351
80000,256.53522621174193,270.05132341757746
80100,255.99707049110162,262.3689973521459
80200,211.7500169598043,277.6925920676605
80300,252.50486201182807,278.62781161197347
80400,211.3872130079742,282.583940255105
80500,233.66629824101608,276.99033962206073
80600,229.3979478120694,300.57741223958584
80700,203.35014516838572,306.89963549383793
80800,239.01040186988348,252.17480659868053
80900,184.98673085035026,284.5174824404704
81000,250.21101354069535,271.8110139595598
81100,185.66854840899802,306.7069461585258
81200,232.91231047864233,301.2897322222048
81300,203.10669518299213,301.31982702803737
81400,206.77303736748516,299.5236148322011
81500,221.26499393693715,294.1634855267874
81600,209.55079594621634,297.53612476696134
81700,230.33065336776917,289.388830615991
81800,223.58168984286115,304.9490011871063
81900,222.66871427036014,282.38856130191806
82000,223.77682913913117,299.40713688309864
82100,211.4597196786046,312.73744392940006
82200,235.56733875014146,299.7429250157157
82300,176.40670661384502,295.5382691164962
82400,207.8350934569221,275.8288884108931
82500,223.8257043425999,288.2086493089492
82600,219.96519387162695,315.595472254641
82700,255.4287441332399,300.5451400760415
82800,182.44021805174503,306.0522614340196
82900,219.11019198889187,281.263403866685
83000,193.12154311265175,299.7052963894788
83100,201.70176669469697,273.1103289833489
83200,175.610200590458,289.51608641699846
83300,191.96904624777156,257.1507057161697
83400,191.56372648029446,272.17660943317145
83500,204.2833507053287,249.55740315100513
83600,198.58649780074558,271.07099969096424
83700,248.52738332923892,271.69513644484044
83800,235.08894532545827,305.1216382465159
83900,278.6521474605611,286.28984486010506
84000,233.46545115839254,303.2519887331066
84100,229.342060484797,307.926426530765
84200,235.3820841530108,292.6773938633852
84300,238.83352736832188,312.635714363432
84400,250.4768351926895,310.60426775013946
84500,252.73199886769967,317.19392634545505
84600,235.84983198142436,302.8266481002516
84700,255.2173577885319,290.2497681971252
84800,217.87302602636544,312.16263659087343
84900,256.1566906074075,303.44801200134486
85000,215.93234205780587,300.6538427176149
85100,237.75923101467265,294.02826394177316
85200,237.0605489354474,310.25242145414484
85300,233.96661928812614,295.4205411475986
85400,255.46972032683834,280.1345562029222
85500,234.86936332961477,289.6307550675335
85600,256.8609215827323,291.72956447127154
85700,234.56053803145358,286.60725627117256
85800,214.06025634915,264.8508461760238
85900,216.2025260661256,289.2344449834378
86000,237.35720100877776,274.218283208743
86100,216.252872983737,274.93421220632007
86200,199.139351054345,275.7125633969989
86300,209.1960389210255,287.3656060642103
86400,240.9371734868292,269.8382135226739
86500,225.7605474445474,284.00206584941037
86600,230.58574368376085,278.3487968819993
86700,224.1712900450103,267.5072151652399
86800,227.50455027225146,284.9841550959618
86900,220.48618748383947,290.3037103405187
87000,226.23510826781416,271.36890721017124
87100,210.09791524252765,292.29078211831273
87200,264.5422984655614,279.8554051313
87300,173.74390491066717,291.0810946315659
87400,227.13886860614065,265.81424685088655
87500,240.0705223019175,260.72954943037735
87600,213.85933681284206,278.33312016818434
87700,241.88180021793528,288.59919468761217
87800,235.0332066358647,302.54978961836366
87900,253.89938510801898,305.7917334576577
88000,233.27418594022112,312.30453734720743
88100,235.115346471025,307.4628614505927
88200,244.29871383481884,326.982090406308
88300,216.32212130685897,316.3448405997656
88400,267.51262965390646,294.86830155999735
88500,242.2971233358805,317.41970034654133
88600,270.4839810845195,297.6882031737542
88700,248.14439976151942,290.6081070083914
88800,253.5487099417897,299.3440047241226
88900,269.81568811264924,305.8483248583567
89000,254.04502399619633,307.907918169944
89100,240.70853558929534,306.1702331549272
89200,269.2064477917355,269.0486552645519
89300,228.17915790941058,301.0456619131073
89400,246.41360936480916,288.6859748110255
89500,227.95699857966957,302.12929340867186
89600,216.60887235854275,308.53444632262887
89700,221.1510241610029,325.59787728184244
89800,233.90940148350828,317.0029581807562
89900,200.58500696853173,313.581176516761
90000,274.49238740197075,285.54213857110364
90100,211.62032343110275,319.10054844239664
90200,255.99852710235044,297.23541393570696
90300,264.16315506169605,324.24456991732563
90400,239.25089143049914,323.2163538663529
90500,269.14095942567474,295.1834252078905
90600,210.95326673679088,304.3610169461398
90700,255.49606713016334,285.2704292361277
90800,219.55104585796195,278.36441064184703
90900,197.52490330573227,311.3963287198424
91000,255.8013487772742,297.771314444657
91100,183.90924044463577,315.4872187424452
91200,254.49495547248242,257.64523881173506
91300,166.2034505043688,292.80935102803744
91400,253.06529460841332,265.0841411941075
91500,206.37550227066245,283.9753613130861
91600,222.39277596392856,280.1011202762949
91700,231.5899855022529,270.34408489294987
91800,198.8660031263302,307.5954724395545
91900,235.8200092271311,286.7048361669896
92000,219.09793062748764,292.88055874033233
92100,213.15394822000187,304.80786632826187
92200,258.7961816140989,295.5512359566816
92300,228.0433359105544,307.13061941876117
92400,264.55041253042424,287.1472880421703
92500,218.11134075244473,326.5565011847893
92600,234.5020942316088,327.12894738090534
92700,237.9547289658725,317.24003393795715
92800,280.07335949322,289.83638801573875
92900,199.81451915120869,297.9904762063795
93000,255.27449955057216,283.4127204854757
93100,232.16269275660943,289.8191734221742
93200,246.93832256447908,295.4541566600727
93300,249.0195598243211,315.19991073074846
93400,244.08221215498122,289.75013935968076
93500,228.04649306098798,286.40088293094755
93600,267.5873385703903,285.2973201917288
93700,232.87518925167865,294.7483815248268
93800,268.6341192696999,293.1164216668324
93900,237.89066461262667,301.1812148487856
94000,226.98105761382314,303.81182118424226
94100,227.93689313470315,308.22616037655956
94200,226.9643225172669,285.74552465532014
94300,220.47670449309825,317.58327832142794
94400,234.94102327480715,296.7349892223974
94500,184.99658942302148,310.4715909105911
94600,266.62611858021256,268.04389253935767
94700,203.97317075930107,302.4062133944678
94800,278.29626502046426,293.34460893025334
94900,229.35646203453996,327.4110745720516
95000,240.76830475141034,322.73629531041496
95100,265.26161144354353,299.9845462066525
95200,233.29231640139218,313.34498597184034
95300,287.2662034087961,294.36403872379054
95400,227.16337578703747,313.7419599307112
95500,288.24821724411026,309.5162962670932
95600,247.10449072026873,318.6758765649539
95700,260.0769984518413,324.7193617167768
95800,249.39008816796945,312.66840311471407
95900,204.46306011036302,310.03493978272405
96000,250.81411728969772,304.48827014313565
96100,209.08161765555977,316.0781414738369
96200,268.29138867215227,305.5493019773033
96300,255.82510976343178,334.52100104181494
96400,264.29984766084294,330.2352480731808
96500,246.64094127044734,333.28556994352607
96600,240.70473103462706,312.61390790398065
96700,250.06380034286715,306.1514088190492
96800,250.0962421616457,293.07949658918227
96900,246.07030711146666,293.87480670500736
97000,244.86226268996103,295.867738094557
97100,231.60495581172103,320.1629605458204
97200,270.51474472648334,300.9891653115915
97300,206.20596924912715,320.2624094663033
97400,259.8130058996544,287.76001423734874
97500,234.03953801758198,302.78834323599403
97600,213.11170363615258,296.24582591001905
97700,252.4744912593427,285.836219780348
97800,214.68990644719196,281.73004708601775
97900,220.3011621331802,296.2640988943827
98000,228.14666799490274,314.86890712759185
98100,238.94782393426144,291.46404233492024
98200,207.25549545283783,297.57069983994955
98300,232.8731899912631,289.7884487050652
98400,218.58334434854766,294.63331520771595
98500,214.55340228165167,286.4911876220599
98600,220.67861997370593,271.8017115564639
98700,215.46171435558784,274.7032600812784
98800,220.84250876665766,281.5734372027382
98900,242.58073622602154,281.8171696264643
99000,205.15204346531124,288.77376354638494
99100,269.21567051660935,286.1965177918033
99200,228.5107170623835,301.1847876273385
99300,223.31839160182292,305.4168005687764
99400,203.0431273087792,309.8700453026322
99500,223.12917589569278,289.0507921166456
99600,211.68524959034985,319.181816413525
99700,242.17062835968105,305.1876690484577
99800,235.36263183857716,300.4581722323057
99900,238.45764897101077,291.1023757457894
100000,241.1876796394654,303.32757862728516
