# x [nm]    y [nm]    z [nm]
-1.470199299554514560e+00 4.715146241533751392e-01 5.341881420965366445e-02
-1.470019471892421770e+00 4.591988231352930327e-01 3.141684628503056687e-02
-1.471208060694733533e+00 4.637233699315432278e-01 4.130832388401849825e-02
-1.466709726345744258e+00 4.626104057245827295e-01 4.883635420056232218e-02
-1.451521172985593910e+00 4.658487458847521689e-01 5.770506200065355501e-02
-1.443520973776319272e+00 4.772985872658824236e-01 7.408169373846315575e-02
-1.432605445813220690e+00 4.823786914309630691e-01 4.952945918816012427e-02
-1.437013369288578257e+00 4.859823880608609703e-01 2.684428075591229271e-02
-1.428642677248569859e+00 4.924239712282817982e-01 2.153776849099389018e-02
-1.429187151590218807e+00 4.835087710355177593e-01 2.550250983776158192e-02
-1.440154394821081763e+00 4.930441276907608916e-01 2.450552267352118160e-02
-1.419724074226285770e+00 5.112370501863957584e-01 3.496153108622094413e-02
-1.411403429292213296e+00 5.343811450500561833e-01 5.856653087574085342e-02
-1.409765895473632735e+00 5.496491865296250223e-01 6.381199447079020926e-02
-1.396679553306038768e+00 5.541095610964127394e-01 6.504068636728319031e-02
-1.389425370593959430e+00 5.635618020132490136e-01 6.787926952764752886e-02
-1.393120311748070383e+00 5.695055642268477269e-01 5.790107312053160288e-02
-1.412257731244690007e+00 5.893416850423827125e-01 2.594438153808887454e-02
-1.414094209027261240e+00 6.066884695335890143e-01 2.899901661547761231e-02
-1.424871098715369655e+00 6.251506226034524438e-01 1.827480383367544037e-02
-1.438769923694039443e+00 6.108639978532667270e-01 6.705402349758478320e-03
-1.429668526753005819e+00 6.180976168014391536e-01 -9.598968282378359668e-03
-1.411511201140219107e+00 6.275076501178816768e-01 -2.855131554333468699e-02
-1.416317016386596572e+00 6.376059269916781735e-01 -5.356163708568598136e-02
-1.421328931827535280e+00 6.438037797097304615e-01 -5.893153236327839523e-02
-1.414438815664450511e+00 6.394205855125074667e-01 -1.846184488090360509e-02
-1.398755574617428055e+00 6.603683133471971445e-01 1.688001523183783881e-02
-1.393161711700092731e+00 6.747060420417555493e-01 3.200067982553311124e-02
-1.397532693935180426e+00 6.896809823447919152e-01 4.053609405311299485e-02
-1.403066009995098451e+00 6.966032527316241563e-01 5.409577899755219771e-02
-1.415121945540043891e+00 6.867384157241033238e-01 4.023935837676265170e-02
-1.403875534570403705e+00 6.824658567831939360e-01 3.645192109785843487e-02
-1.355425309773841347e+00 6.735788127380553103e-01 3.558838488211549245e-02
-1.326284490981611608e+00 6.693116425519020085e-01 5.207835525408954780e-02
-1.321801008589832849e+00 6.568088106677869575e-01 6.013166766733199498e-02
-1.302673940155688159e+00 6.361164316501312088e-01 6.887961286811564166e-02
-1.304584390135455019e+00 6.238176212770023543e-01 4.764578415515230425e-02
-1.307789440809420167e+00 6.239932221459297823e-01 2.540470912125754321e-02
-1.326116892894291022e+00 6.432680805075191577e-01 1.573293023363366364e-02
-1.354503389725201457e+00 6.687993552918167772e-01 6.121145591398830660e-03
-1.348423417871672969e+00 6.682939678753078150e-01 2.580090887364277705e-02
-1.326052208380266162e+00 6.663598610125711641e-01 4.019139990145489255e-02
-1.317069508689830970e+00 7.003077264188878326e-01 3.616465876085850351e-02
-1.308156844275874642e+00 7.114556745735260979e-01 4.510036817829935624e-02
-1.303638366229050050e+00 7.139336641110829440e-01 4.846606402867266461e-02
-1.302277522935949117e+00 6.876748173768831851e-01 5.603276502945905152e-02
-1.269485234155893094e+00 6.993390015149046901e-01 6.010182767965894374e-02
-1.251964310530839564e+00 7.135135293186253280e-01 5.517347746381864176e-02
-1.253910738552513893e+00 7.407592461238260428e-01 4.341502916301744064e-02
-1.267111345888527474e+00 7.544264289248601152e-01 4.477268720891583453e-02
-1.272116152582003723e+00 7.507698556272303092e-01 7.390945725969659541e-02
-1.237469754975150993e+00 7.351942663686253931e-01 7.312086457325921163e-02
-1.224771171587760721e+00 7.325309109621360726e-01 8.439625869429814853e-02
-1.204858514368530642e+00 7.419653544287124758e-01 8.185580039727685664e-02
-1.192686699358084912e+00 7.828582475440571953e-01 6.388168113927733538e-02
-1.201106855452122701e+00 7.978667563223869053e-01 5.263349814896991358e-02
-1.199338863890215157e+00 8.188830373477685720e-01 5.376072186968069988e-02
-1.214551026158422919e+00 8.243055842908781905e-01 3.356236229900632501e-02
-1.217947246361255509e+00 8.273432943330526479e-01 1.221259601887536225e-02
-1.193138289999154500e+00 8.157504163495388205e-01 -1.664749510961066950e-02
-1.175171388479226087e+00 7.938065205955155967e-01 -2.915160353788159506e-02
-1.151930645719077884e+00 8.298047664618950492e-01 -2.515228145844920424e-02
-1.126477156877953023e+00 8.610986650972975998e-01 -2.420904919492090565e-02
-1.121744876314743955e+00 8.784650787571341990e-01 -4.354910062469920240e-02
-1.132895951163474413e+00 8.796703889784101005e-01 -4.445787203099767215e-02
-1.115754834068506396e+00 8.811745004811811777e-01 -4.751137154398987761e-02
-1.100202216203651773e+00 8.705550413650130492e-01 -1.073754902842744691e-02
-1.098674627627811207e+00 8.890533385413990075e-01 -6.490103002362042524e-03
-1.062886940481578613e+00 8.921467051761532430e-01 -2.417113178232105017e-02
-1.082618170931288315e+00 8.927816941459861821e-01 -3.127869730236127604e-02
-1.037436631914141039e+00 9.100813282445544550e-01 -3.018500731220555983e-02
-1.000669531343887586e+00 9.330285701897893524e-01 -2.218137910621155451e-02
-9.793564611311487145e-01 9.352479213503777089e-01 -1.894782871494731652e-02
-9.290981273386164085e-01 9.372920362871741684e-01 -2.715587095240321394e-02
-9.307631768602839806e-01 9.577537846174404290e-01 -2.212128479411863344e-02
-9.494493793980239849e-01 9.610454098815569557e-01 -5.555615512459446265e-03
-9.322851007228942777e-01 9.850292682074803796e-01 7.964051880136529399e-03
-9.435506582735857517e-01 1.016808867924567705e+00 2.203635367509593213e-02
-9.399605229618428481e-01 1.033402222435897411e+00 3.777914971106718922e-02
-9.472681732805828814e-01 1.036336242840039334e+00 3.251404207873880015e-02
-9.570245040235316747e-01 1.028205073155942006e+00 3.715134265776882938e-02
-9.504052794170929630e-01 1.025616544626449578e+00 3.453033911282991919e-02
-9.349267385660821050e-01 1.047420440529302832e+00 1.086671851129178412e-02
-9.301733900107085340e-01 1.071411369072123643e+00 -8.885455078275102114e-03
-9.133752871205933488e-01 1.090984527694186967e+00 1.529913327367549494e-02
-9.455070601290079813e-01 1.111812014189297981e+00 6.648515035823329700e-02
-9.670744775482211786e-01 1.130894907491003298e+00 6.417122374014688768e-02
-9.813171304956427310e-01 1.098195018387477795e+00 4.899541960876253877e-02
-9.652572598144263383e-01 1.092158695703656424e+00 5.791178635187203827e-02
-9.699834118184113008e-01 1.087373184330591824e+00 4.088887714862393663e-02
-9.574102672796351854e-01 1.097323943363421650e+00 3.268161098461501435e-02
-9.521483925447669083e-01 1.119647402720082452e+00 4.553246726308482484e-02
-9.281885490220457280e-01 1.120344218787530766e+00 3.299833716162232922e-02
-8.961936408662282139e-01 1.099513348803490276e+00 1.706024547929542792e-02
-8.956256709041492403e-01 1.116288353227141705e+00 -3.569524665473111646e-03
-9.097153239758066778e-01 1.108744024497086755e+00 -1.363890697603764406e-02
-9.100394708817767242e-01 1.098187388883040905e+00 -5.232734171583342322e-03
-9.024884714981967759e-01 1.103404723463887960e+00 -8.970681690125676538e-03
-8.774355654317357311e-01 1.113440315640120692e+00 -1.905566403192534425e-02
-8.503082481414231397e-01 1.135283722934697037e+00 -7.794050710204525681e-03
-8.512407507884011126e-01 1.145074231477077431e+00 -1.984213080261768708e-02
-8.335467683288866336e-01 1.152987024480324640e+00 -1.866389846270159053e-02
-8.182196634199638829e-01 1.173429344000613828e+00 -2.041101092760513880e-02
-8.312241039983561119e-01 1.174051821753529179e+00 6.664663483602870780e-03
-8.407858231313340980e-01 1.162166862238027676e+00 -1.692878158319030199e-02
-8.332237599510575743e-01 1.173582239187081155e+00 -2.034484632886197561e-02
-8.212333976587693485e-01 1.193438823737127397e+00 -5.539261162729111621e-03
-8.011668842842679661e-01 1.230985042605168944e+00 7.670932822964932410e-03
-7.913326099570248129e-01 1.231919781182359452e+00 3.508817071414518408e-03
-7.644800583215132228e-01 1.227462828722549304e+00 -3.221301639528256072e-02
-7.535647580891176034e-01 1.222817971388838743e+00 -4.308591418968312631e-02
-7.968221565682147567e-01 1.256584278533451560e+00 -1.002928201073598896e-02
-7.941146112675958602e-01 1.252918325811833045e+00 -1.316734447192708692e-02
-8.053139692036421771e-01 1.265440893165441727e+00 7.665560846018890442e-03
-7.934977830198540749e-01 1.259901623552281746e+00 3.171715509744284928e-02
-7.769978610331474966e-01 1.239280172140570402e+00 3.099321810243362701e-02
-7.573533927956818124e-01 1.258506767642457280e+00 1.758553638361071494e-02
-7.439196856525479573e-01 1.276269380322056168e+00 -1.986076811330922051e-02
-7.436760026543544067e-01 1.283697549007208893e+00 -3.486811193376198464e-02
-7.392946987466173514e-01 1.283721333047543212e+00 -5.766533272833161694e-02
-7.317057438602811992e-01 1.306441450349593136e+00 -7.147598181392993133e-02
-7.042708181482338903e-01 1.338512561839434900e+00 -6.398931720928122124e-02
-6.850586046766550252e-01 1.343736406974629816e+00 -5.950423088748010847e-02
-6.671147276139967053e-01 1.333184648620527213e+00 -3.917665231268949166e-02
-6.784748563942610833e-01 1.357595570037799071e+00 -1.089673595715537346e-02
-6.510439882136895839e-01 1.373018763808448561e+00 -8.524021975756914185e-03
-6.386064162684794709e-01 1.391068550886032762e+00 -8.785483157201831594e-03
-6.420834937679580356e-01 1.416048140964896840e+00 -2.274270798731006793e-02
-6.170884450068202520e-01 1.427401640063080679e+00 -2.594874790354752617e-02
-6.065168809268296490e-01 1.432288501467048780e+00 -3.633492071786365019e-02
-5.860923816191212499e-01 1.439331378715900778e+00 -3.668266974687642984e-02
-5.703409975002862176e-01 1.424062197329831081e+00 -3.374208393069019762e-02
-5.809068489193111029e-01 1.429662779979417930e+00 -2.883578128599677964e-02
-5.843511160812491223e-01 1.435732574242996940e+00 -2.257917256911843792e-02
-5.857968844275962539e-01 1.452864052063040923e+00 -1.554200463668879012e-02
-5.948355536143834499e-01 1.465816109226402819e+00 -7.447862880796051951e-03
-5.954409046368592806e-01 1.448976224930371703e+00 9.167108574414438091e-03
-6.061703382776627569e-01 1.443675159686131027e+00 2.120165058306696521e-02
-5.907759671489061226e-01 1.449122925950021568e+00 2.177615552409709054e-02
-5.896008830680743440e-01 1.431136333443958186e+00 2.616445985207607738e-02
-5.747204399761963733e-01 1.382775283174412673e+00 3.410091755610711317e-02
-5.514055248948187549e-01 1.356437362127740798e+00 3.883059035687580485e-02
-5.544110899123364522e-01 1.358372778217466603e+00 5.344969060481940398e-02
-5.738278447487810130e-01 1.364461382991332794e+00 7.156037111625046521e-02
-6.059290544992360639e-01 1.390303898752866862e+00 6.756039564942788178e-02
-6.109087882096460032e-01 1.420339448214191558e+00 6.645976465139795397e-02
-5.852071696074536700e-01 1.452849640742558623e+00 4.126274106273357389e-02
-5.573296284385224064e-01 1.472788983971890175e+00 2.727002175008523543e-02
-5.086514740386673950e-01 1.461228896323711224e+00 3.054185379166735048e-02
-4.765386167909821946e-01 1.435324056274913884e+00 3.805292652794679126e-02
-4.585163169262486127e-01 1.429518886814028056e+00 1.053877632891657076e-02
-4.746342354773557815e-01 1.455508174400680588e+00 -1.716099582362726889e-02
-5.090149696113700495e-01 1.489576499473967308e+00 -3.443122689440085427e-02
-5.363613414693072512e-01 1.501186088377929773e+00 -4.546616999003769144e-02
-5.292529275534135769e-01 1.489137917204560235e+00 -3.717420373752133161e-02
-5.285216377220620654e-01 1.499332120653769529e+00 -3.229606776818251535e-02
-5.247325620041310978e-01 1.484235638669847646e+00 -2.159349220029749966e-02
-4.978909853427665455e-01 1.488503652752014794e+00 9.153515502197950848e-04
-5.000441723631651181e-01 1.490730648896244848e+00 2.028054356189772783e-02
-5.237482463133815713e-01 1.460240240019510471e+00 3.815887769128259444e-02
-5.245207011919583717e-01 1.448357264775345543e+00 6.108911684293776012e-02
-5.297454557731247071e-01 1.429506854524818182e+00 5.896730899567064615e-02
-5.412472234594248865e-01 1.442112892490208242e+00 5.986788218789908245e-02
-5.605568604415576139e-01 1.444743006292198650e+00 4.834209377341712466e-02
-5.599789854786277887e-01 1.449861054707917596e+00 3.240534588005065941e-02
-5.689334036022197783e-01 1.438812439574816082e+00 1.629715512871521971e-02
-5.780666526911216740e-01 1.428837079184019032e+00 1.750489333661003552e-02
-6.116828124118243171e-01 1.425293303824028968e+00 -5.604108749400354278e-03
-6.174157966635482886e-01 1.418288197301795339e+00 -2.489940043996873714e-02
-6.216697939270973139e-01 1.438415817194153457e+00 -3.948078152686654296e-02
-6.477426198932662027e-01 1.431937208331306444e+00 -2.772593381467779866e-02
-6.606230364765447449e-01 1.406088986315116918e+00 -1.313804665554699908e-03
-6.393158366701431339e-01 1.384110164408101973e+00 1.013972746772772056e-02
-6.494613502950541406e-01 1.382290294875158088e+00 2.135932079019592367e-02
-6.478956295491461459e-01 1.374552048458951958e+00 1.081381906687787012e-02
-6.441341807945791809e-01 1.379293055981682281e+00 6.196471028610116283e-03
-6.377624876201141157e-01 1.386359472317793218e+00 4.937620311988432688e-03
-6.042246302151440540e-01 1.375771088388221042e+00 -5.198799822333449207e-03
-5.881989223573164116e-01 1.374727957112794829e+00 -8.887805257626413616e-03
-5.893311708093841306e-01 1.402647567280198793e+00 -1.181453316858029068e-02
-5.744596642004723419e-01 1.427499393670389249e+00 -6.467063718075801403e-03
-5.621850703927320225e-01 1.438865507693050994e+00 1.258411442654793974e-03
-5.811860107435692369e-01 1.461910667483001802e+00 3.800588331968706574e-02
-5.675314774140107765e-01 1.494738369061183514e+00 3.031014854330998931e-02
-5.424381505059946429e-01 1.506779417511592944e+00 2.615690709681430318e-02
-5.431501478330506005e-01 1.465156655315490442e+00 -9.659459424906351871e-03
-5.491279485763298496e-01 1.460314961732911199e+00 -2.505520197657281484e-02
-5.367702685591262401e-01 1.450580146339632170e+00 -1.537824914890367593e-02
-5.648920501455174659e-01 1.425187710135526586e+00 -2.634518452741666308e-02
-5.501813438673399670e-01 1.422502052962068886e+00 -2.311748137486615423e-02
-5.539276046952285038e-01 1.418121647475557134e+00 -2.505238256743943376e-02
-5.630022977750481772e-01 1.434293642963149651e+00 -3.105180095886724001e-02
-5.550364515616650340e-01 1.451133470836481365e+00 -2.884632610223015342e-02
-5.466018955752202091e-01 1.434906155961761298e+00 -3.156219847966162950e-02
-5.334294159175417827e-01 1.426091226116641408e+00 -2.950500663599972193e-02
-5.410862262917273124e-01 1.416432799214292215e+00 -2.607348322179046940e-02
-5.498212387746661545e-01 1.421424690314952555e+00 -1.433620394847091341e-02
-5.527167691671237559e-01 1.429673855110321634e+00 -3.711083942639185895e-04
-5.983274140905053828e-01 1.433787955789656676e+00 2.111182814866949600e-02
-6.056886147727570391e-01 1.419418068797461796e+00 3.500251680308051616e-02
-5.982250433770021081e-01 1.426104890030079675e+00 4.086790032244215498e-02
-5.856152099725814297e-01 1.435484279670887764e+00 3.934644148966698340e-02
-5.364360704348261066e-01 1.423797206412380945e+00 3.742308641950688880e-02
-5.398228794985734380e-01 1.416208255809640271e+00 3.378938188702631379e-02
-5.423604373738437623e-01 1.424244722117508299e+00 2.536613275554436275e-02
-5.606375850838112296e-01 1.425807052995122115e+00 2.935068829612585972e-03
-5.813969296882794957e-01 1.420665958810499507e+00 -7.322837211678801667e-03
-5.952303345211565899e-01 1.431473844196691658e+00 9.938531620307933939e-03
-6.093389236403636833e-01 1.450581391846277102e+00 2.123938200102133689e-02
-6.227796150042909096e-01 1.427760581047869959e+00 2.806753219874333696e-02
-6.230622512809129709e-01 1.423542024679952833e+00 1.511812221180582581e-02
-6.315107897324090391e-01 1.442652960912088833e+00 2.397630871732723407e-02
-6.170831220861433541e-01 1.428062232212639504e+00 5.215345225516868771e-03
-6.024877470395986201e-01 1.431848272217433937e+00 -1.624146401667135239e-02
-5.915430928855511805e-01 1.414033793594076771e+00 -3.278935756012855279e-02
-5.941447780514087507e-01 1.422217902483950080e+00 -4.790989179482069149e-02
-6.009585589126168470e-01 1.456314151925893752e+00 -6.453998432388505235e-02
-6.001280965672974865e-01 1.459030161917099111e+00 -6.087821976791953082e-02
-5.917450661986889404e-01 1.444683270829809185e+00 -5.609922112170086239e-02
-5.747302957925971567e-01 1.438150875177741206e+00 -1.520864278138704673e-02
-5.937990059162346901e-01 1.432140961292039272e+00 6.482466626178150226e-03
-5.688156471302852069e-01 1.415119045506266549e+00 -1.095417909893480445e-03
-5.689117727167719574e-01 1.402619898543091104e+00 1.974067822776314624e-02
-5.761988045736988751e-01 1.416967861736850631e+00 -8.116955515939133781e-03
-5.876602978428897561e-01 1.441766005673589257e+00 -2.045441332003892360e-02
-5.950847940850593210e-01 1.443544878391651576e+00 -9.114078357438293657e-03
-5.932874896257525066e-01 1.447573872592095690e+00 6.227616460775839413e-03
-6.101257590210827919e-01 1.471580802610133798e+00 3.215096197128876343e-02
-5.971673649448316912e-01 1.446454635134462041e+00 2.723860211597950096e-02
-5.749586347597166469e-01 1.425469121306836451e+00 4.716506776348983188e-02
-5.681352934066900007e-01 1.407817757915384105e+00 5.323091567269150337e-02
-5.781896707903106947e-01 1.407236525751132783e+00 4.669998376571195264e-02
-6.011220867944041535e-01 1.419278910051416931e+00 1.888297975359566269e-02
-6.214148662028928793e-01 1.428233683422557743e+00 7.993830261237292595e-03
-6.409178371589403511e-01 1.429632372966203713e+00 2.484926743885895739e-03
-6.562362610535255047e-01 1.420007456087475139e+00 1.500969223906690325e-02
-6.511418858391759823e-01 1.422977721759715708e+00 2.495661828766056883e-02
-6.294901285138440050e-01 1.426354778506446541e+00 3.589843708278095402e-02
-5.986454085205468179e-01 1.403279801469063504e+00 3.425778297280807072e-02
-5.691454463245849693e-01 1.388328159619415247e+00 2.138881788231974251e-02
-5.736588223020157029e-01 1.373806092043622362e+00 2.787475692093340299e-02
-6.197068839270274410e-01 1.353908846977739389e+00 2.954828857519288879e-02
-6.385633344293284441e-01 1.337983898545721528e+00 2.407084216478106581e-02
-6.582728869659688620e-01 1.358722732738130601e+00 4.782748635801012393e-02
-6.545506479097622510e-01 1.400459538293843620e+00 7.206648448414251784e-02
-6.448503624575780968e-01 1.387260538252627740e+00 9.404689225196710689e-02
-6.224578140907109924e-01 1.398064327661376449e+00 8.536431931388580030e-02
-6.074778836552332528e-01 1.391828393880434334e+00 7.786912348431225539e-02
-6.107703914832918191e-01 1.400444277731376586e+00 5.544402562672586660e-02
-6.165552918782644110e-01 1.380803687712411909e+00 5.606243012405150161e-02
-6.161567784556765126e-01 1.373567674780517223e+00 7.180900630951023156e-02
-6.138930372154489667e-01 1.374783242068202904e+00 7.261136498829035002e-02
-6.090343557397578378e-01 1.346059758584902344e+00 6.412574890466971045e-02
-6.040778547116746333e-01 1.336059313077168742e+00 5.537684366898468213e-02
-5.837206899275512173e-01 1.353463919898754586e+00 6.674375614839248017e-02
-6.053284013377759898e-01 1.367932846266132429e+00 4.005807417870491799e-02
-5.947243485052219336e-01 1.377089861426231243e+00 1.977391684501426938e-02
-6.033261062134372965e-01 1.364737884668661749e+00 2.543269050742833631e-02
-6.164238996609522347e-01 1.387043332478324675e+00 1.062955997238785796e-02
-6.442556705402399109e-01 1.410468170170462221e+00 1.281963963507161235e-02
-6.819479051767310951e-01 1.405071766969302693e+00 3.295949452777801464e-02
-6.680678338006545980e-01 1.407693245914212410e+00 5.761007992061187299e-02
-6.433706954636810860e-01 1.391230007557395121e+00 5.431595178304993859e-02
-6.241763785784646412e-01 1.380950766888946468e+00 4.513580961791818780e-02
-6.184649228352843142e-01 1.367012030102525033e+00 1.139375612814050309e-02
-6.167320104238265266e-01 1.380848571921349244e+00 -1.719118381939454751e-02
-6.213577934729330732e-01 1.383523951951070474e+00 -4.483425427725599988e-02
-6.074698755537746298e-01 1.403943606272279876e+00 -2.450791037753764084e-02
-5.830000107478693350e-01 1.415220152259720310e+00 1.442295099739779318e-02
-5.942006668067204567e-01 1.421771182498341224e+00 2.081580559095550995e-02
-6.064597007248966332e-01 1.423104036950522788e+00 2.463010730626995562e-02
-6.286124343526513503e-01 1.401607123475964389e+00 3.912135834100739784e-02
-6.474791487935702694e-01 1.365002319259521313e+00 3.718284274575225923e-02
-6.540849327929576518e-01 1.379788649849489124e+00 3.364010983345701311e-02
-6.656608741289531395e-01 1.401506046768447478e+00 3.843204056697747950e-02
-6.488724079061419792e-01 1.389302628621307267e+00 3.689301230277761134e-02
-6.477873894894642381e-01 1.343574643779073430e+00 2.532135906979349205e-02
-6.402625856427937023e-01 1.323772372760213534e+00 2.870268526061890701e-02
-5.982781559296836971e-01 1.346545559207571019e+00 1.925839363404684146e-02
-6.024596011605010126e-01 1.372672428815262080e+00 2.062503563439163287e-02
-6.019666131937134734e-01 1.398034597229538489e+00 1.098505721843065497e-02
-6.231821346108947779e-01 1.417929318754523882e+00 -2.280512854336000372e-02
-6.233829053208055360e-01 1.420826883924563022e+00 -3.836352656465273625e-02
-6.000082665339319110e-01 1.409822819540919259e+00 -4.197860948098141448e-02
-5.647566722859213018e-01 1.408253786107180883e+00 -1.640320450830008020e-02
-5.625168507074885804e-01 1.402223855706103750e+00 9.687870852366498031e-05
-5.480061561102399503e-01 1.416373959179916930e+00 1.761096180246216145e-03
-5.687520838245621047e-01 1.435547772394397237e+00 -1.233330064392610184e-02
-5.661498614530852125e-01 1.451743524726606838e+00 -1.206418239252411879e-02
-5.318652874015805665e-01 1.443223145303440536e+00 -1.747206319704068186e-03
-5.042049292862784693e-01 1.425200895696158820e+00 1.878660822783599377e-03
-5.127220627552195875e-01 1.415148135115059880e+00 2.413732787972628583e-04
-5.302004602237737618e-01 1.425847145993831111e+00 3.126710928736816612e-04
-5.558711633125101859e-01 1.448590374008234649e+00 -1.369469658236199296e-02
-5.796824125968249586e-01 1.441877420447342795e+00 -4.129627224220461246e-02
-5.817009221938447272e-01 1.453723810032891750e+00 -4.110439558013867511e-02
-5.822753764627044415e-01 1.436296165791113300e+00 -4.080046591313461757e-02
-5.801006914590953745e-01 1.432902685894687833e+00 -1.657027989112302979e-02
-5.705540174577947710e-01 1.426136692056996669e+00 1.796777473498504391e-02
-5.499405964411253622e-01 1.407485755259125781e+00 3.276040167669413972e-02
-5.492988798990251498e-01 1.423140195281902054e+00 2.825208567437713023e-02
-5.643695017604982711e-01 1.430566075793482383e+00 1.945551874553283489e-02
-5.649581147537490189e-01 1.450740144617708616e+00 -3.476923525893883815e-03
-5.775878733388617459e-01 1.465198348652430038e+00 -1.474363960010532937e-02
-5.975292500710738253e-01 1.447689638559680469e+00 -3.433322560741049884e-03
-5.911519088236272257e-01 1.429399446790912576e+00 -6.339607622021195543e-03
-5.732011992594675531e-01 1.406357837319422988e+00 1.820021529975242996e-02
-5.596761911806057421e-01 1.385251860962439574e+00 2.348307237285370691e-02
-5.518482230029195801e-01 1.408344856525769018e+00 1.776669904782678111e-02
-5.621049553676137345e-01 1.410125970922324834e+00 2.529916180525456845e-02
-5.632832719156481982e-01 1.424273805399497439e+00 3.452075219524292776e-02
-5.663192115012901651e-01 1.404801873477545149e+00 2.657498339303400806e-02
-5.945417243054863521e-01 1.406479562105570791e+00 2.347308685489225138e-02
-6.098613862246123896e-01 1.431545158291858355e+00 -9.203019884167829012e-03
-6.067327604465297952e-01 1.429813069574908058e+00 2.474327920295102401e-04
-5.713675593198144220e-01 1.430028710248399060e+00 9.201736046452581655e-03
-5.521315239797025543e-01 1.429427062302325524e+00 -7.176172772451363049e-03
-5.391277383550964197e-01 1.435217289465028356e+00 -1.254748040089083069e-02
-5.317971332135082996e-01 1.442385205700415396e+00 -7.429788646934137875e-03
-5.322390190354082673e-01 1.433394334194546316e+00 -1.274169266684615012e-02
-5.433903039071212859e-01 1.405295117743357469e+00 1.266994595173899160e-02
-5.383243147427330122e-01 1.384066414648974730e+00 6.734856458850050839e-03
-5.337302166763151501e-01 1.400445865545196122e+00 3.355149374382515592e-02
-5.517100420919136550e-01 1.423506338259468151e+00 3.265809897120702104e-02
-5.311997773495128472e-01 1.442182177385024300e+00 3.118155986696884499e-02
-4.996472123696276690e-01 1.443792077122068918e+00 1.274891152404674863e-02
-5.021922017283030337e-01 1.459241183915217288e+00 -1.580930578609224257e-04
-5.255875733217082457e-01 1.454998837483879814e+00 -3.150170442413728622e-02
-5.270871615419330247e-01 1.470601356446670227e+00 -3.692001288373601697e-02
-5.134923304008300882e-01 1.466285761492805539e+00 -2.905197694221993421e-02
-4.832860887150904339e-01 1.449879469344280247e+00 -5.083542262828723984e-03
-4.757732892915824130e-01 1.459173153323118921e+00 6.835510394882789165e-03
-4.838722450295055988e-01 1.479421710951343671e+00 8.679023496676452690e-03
-4.994756560733054629e-01 1.478593111846356223e+00 6.246111465527913464e-03
-5.206077446558452504e-01 1.460718470909248889e+00 -1.709597139077086506e-02
-5.328922479214941443e-01 1.445452616894269182e+00 -1.041406512732066109e-02
-5.506493019810251299e-01 1.470220867762296990e+00 -1.895851547642345147e-03
-5.617437301970141794e-01 1.468361259344877823e+00 -1.861670087604231499e-02
-5.872186205798578529e-01 1.468978034582853365e+00 -8.207569407193578831e-03
-5.673326163653679144e-01 1.472634299985662532e+00 -9.412897368837123968e-03
-5.547474864215292678e-01 1.493591569651457451e+00 -9.147305265359246401e-03
-5.229572076959221327e-01 1.480998596680481061e+00 -2.073111901839645374e-03
-4.971234475606016723e-01 1.465911893934974453e+00 -3.738067700545565867e-03
-4.985982107578756928e-01 1.465658099450223295e+00 -1.862021655608019424e-02
-5.093985827355852480e-01 1.462240398319316403e+00 -2.608381428047094885e-02
-5.211480622194978318e-01 1.471253820019991831e+00 -6.525595488694482804e-03
-5.577396317413376714e-01 1.474052618480649501e+00 1.589439830838213982e-02
-5.558588017631573841e-01 1.473301619393496464e+00 3.789264315766595337e-02
-5.822844494402859006e-01 1.470416753624588901e+00 5.310130660200079733e-02
-5.841169404848904900e-01 1.474923043208599793e+00 6.942986279698097618e-02
-5.642040587380290351e-01 1.487026704266392718e+00 6.990429385577533183e-02
-5.349333783729153247e-01 1.476536486441965446e+00 6.547813184551996846e-02
-5.216371006676124855e-01 1.504185266523472952e+00 3.591954328267112778e-02
-5.016459455504603815e-01 1.521674339816055710e+00 2.705901807754540825e-02
-5.146442058613632797e-01 1.506821695537040817e+00 2.838101583554816093e-02
-4.850972997319215607e-01 1.484386305562834574e+00 1.315750558167992461e-02
-4.813991739760544175e-01 1.471472725470475584e+00 2.785582574110564980e-02
-4.897382687208847174e-01 1.458361194406667671e+00 4.247358577528552448e-03
-5.053427144128336268e-01 1.467892581613472691e+00 3.117210374982726760e-03
-4.877025685408370448e-01 1.461688379036965024e+00 -1.442933061998814132e-02
-4.495528997886784062e-01 1.460010781220057563e+00 -2.030214954881005493e-02
-4.552138749738174339e-01 1.461568380090318753e+00 -1.035024320666464055e-02
-4.554009065588432437e-01 1.482559295098410779e+00 3.328935716896980895e-04
-4.690317966267999461e-01 1.487350257534386655e+00 2.218825712344733858e-02
-5.096467777070361471e-01 1.490426059397387482e+00 3.184427890063845634e-02
-5.318978633088942143e-01 1.506270039803000005e+00 2.217261554001671506e-02
-5.342729564582389123e-01 1.507901804682435953e+00 3.308144938888393782e-02
-5.496099491008968885e-01 1.507658017038796316e+00 3.573110393343116586e-02
-5.588665645689121497e-01 1.487243552304747141e+00 4.289756280326965932e-02
-5.859463334816821245e-01 1.459835086536506399e+00 4.158730276899862827e-02
-5.799455708495903083e-01 1.466260883834679785e+00 5.608224039676544537e-02
-5.726823266882123953e-01 1.452160732892155304e+00 2.744631942992968587e-02
-5.627758779495737329e-01 1.437225763708124937e+00 2.318365468149909819e-02
-5.531194428850779721e-01 1.448504546166063278e+00 1.420207836251191624e-02
-5.514766408055679081e-01 1.455968616872068244e+00 2.165314310921115371e-02
-5.474623236477791366e-01 1.460842864902689664e+00 4.263596640192722498e-02
-5.332150383942790839e-01 1.458240575366928082e+00 2.349735507985398208e-02
-5.279604212041877354e-01 1.452544092213320148e+00 7.700506719728227728e-03
-5.202930398226545128e-01 1.457969545347755247e+00 -1.305652581550185640e-02
-5.173531721500972402e-01 1.484498120893001039e+00 -1.810781099724204785e-02
-5.504549015847187698e-01 1.479745675601647159e+00 1.602673041392152498e-02
-5.711659145085271616e-01 1.489420748132205485e+00 2.163462605161806454e-02
-5.795349607558997196e-01 1.479125861611771287e+00 2.430368450530096675e-02
-5.739315508827269596e-01 1.499467894520333022e+00 1.125215066343588331e-02
-5.741591707315698567e-01 1.494565864557379387e+00 2.238693825223645600e-02
-5.578770599668606556e-01 1.477870958120259592e+00 4.683651442369511642e-02
-5.377850773480625790e-01 1.480434485157483993e+00 5.358854666408299772e-02
-5.377428777246728853e-01 1.470500342333036947e+00 7.772975197587986274e-02
-5.324274441669587521e-01 1.475980292909121916e+00 6.891236522610277859e-02
-5.431992055495367122e-01 1.471261255678948165e+00 6.633408869176789235e-02
-5.727842157161374681e-01 1.479717732690299714e+00 6.691049537217144683e-02
-5.860079778766063008e-01 1.477235968069095184e+00 6.467717402315839581e-02
-5.634860180414246189e-01 1.505520395909542453e+00 5.120986166907628284e-02
-5.290233626241830356e-01 1.490462140229792842e+00 3.906436666884686992e-02
-4.964864820020437608e-01 1.487968163539341582e+00 2.425908993198241936e-02
-4.854748629446888897e-01 1.489075485892406014e+00 1.226912043476905204e-02
-4.894436035082517789e-01 1.481623026251196018e+00 1.296698411358708676e-02
-4.860726285203323949e-01 1.469200926235402216e+00 -2.017123957661694916e-02
-4.476269457596124823e-01 1.468052575690483641e+00 -1.588003765700873871e-02
-4.536800607090641368e-01 1.479215374307002007e+00 -3.057203117630323541e-02
-4.764069507244633739e-01 1.476158270674622797e+00 -5.592073808311033567e-02
-4.914885909513591056e-01 1.490989526578389679e+00 -4.432413584168148901e-02
-4.863404427484134818e-01 1.499283304123954608e+00 -2.631018218743193249e-02
-5.036875591597457236e-01 1.488402546084391043e+00 1.261782477506790540e-03
-5.293685556667943048e-01 1.463019045898547921e+00 2.073667400759227064e-02
-5.518263302785041402e-01 1.452444089221949897e+00 1.944772810018170414e-02
-5.648943645074100406e-01 1.451542715224435121e+00 1.641597856572755282e-02
-5.768511216879903536e-01 1.418949287318636454e+00 4.445613332056213424e-03
-5.893286964873302169e-01 1.434455550229086773e+00 2.324537071366648833e-02
-5.807446960327166119e-01 1.447994727172929874e+00 3.132256408533538872e-02
-5.748493650903789831e-01 1.430553489648180410e+00 -2.975223575574434398e-03
-5.734197416470711017e-01 1.439279123705214936e+00 -4.820450603239537224e-02
-5.742531250920581698e-01 1.459772191924054052e+00 -7.009276905720572548e-02
-5.662931649349463026e-01 1.462705063765585178e+00 -6.285160238172586566e-02
-5.498013531145489186e-01 1.465859991161517328e+00 -1.902632118843502335e-02
-5.451489252713899170e-01 1.466459804951662393e+00 -1.384540328317505203e-03
-5.433817219633454432e-01 1.481156578264607671e+00 2.645124628050025961e-02
-5.508190749522635654e-01 1.488848111316912082e+00 4.508383805043007786e-02
-5.394026205793159834e-01 1.498812408082083270e+00 3.828096190362480222e-02
-5.353810049278656669e-01 1.508905626240227837e+00 3.456338085885437422e-02
-5.325224776090846657e-01 1.520874334078523349e+00 3.207817509115637455e-02
-5.365474892912774907e-01 1.524224789138684200e+00 1.928081209845993599e-02
-5.280335919163570146e-01 1.539055334538202091e+00 5.776224086683125897e-03
-5.201415657237691281e-01 1.532552632897770106e+00 3.107577398174760086e-02
-5.346427913538601695e-01 1.520761240669842307e+00 5.630491934807888010e-02
-5.241101532058322077e-01 1.522332160631370890e+00 8.599112843898604197e-02
-5.024957975309642944e-01 1.516833627033925325e+00 6.780723777092821647e-02
-5.016704117095260873e-01 1.522535313383629907e+00 5.952618703555703772e-02
-4.926741094466907667e-01 1.509685158241795833e+00 7.894127566351466507e-03
-5.044338395408017872e-01 1.502014405573737221e+00 -1.225125500677087115e-02
-4.864617304840706535e-01 1.484942742101375224e+00 -2.041387601722870898e-02
-5.055990678351731660e-01 1.483263687333871594e+00 -1.114473391653067642e-02
-5.130891528779464306e-01 1.492586148186567430e+00 -2.886638232466467308e-02
-5.167651611374458609e-01 1.478712657608105996e+00 -4.467752552046450748e-02
-4.941631580701703053e-01 1.460657241179830201e+00 -3.539605797323115005e-02
-4.852821259572100976e-01 1.450143617443102606e+00 -2.239714284919680498e-02
-4.888243119002087522e-01 1.423445101033800064e+00 -2.299691525053419380e-02
-5.245164489828993970e-01 1.398283058270630042e+00 -2.219541551439162264e-02
-5.678208426001379872e-01 1.387914302352218909e+00 -3.110264772540428935e-02
-6.169583262243282240e-01 1.390739350414471165e+00 -3.555190322775515777e-02
-6.060805131768700615e-01 1.395849156990075057e+00 -2.612710543231447358e-02
-6.303470304322293938e-01 1.395593346765717335e+00 -1.817621158730219760e-02
-6.258395775691691920e-01 1.400668420941890924e+00 -1.148317652489255769e-02
-6.360724791541563228e-01 1.382693308954589861e+00 -1.659401841636245351e-02
-6.251032476686884110e-01 1.389293895545431035e+00 -3.634373285972956197e-02
-6.360617483484516388e-01 1.391608932102263774e+00 -4.176108062396313020e-02
-6.322485548276050027e-01 1.355828121740844106e+00 -3.876146535992857495e-02
-6.322326003057222588e-01 1.372802163136164655e+00 -5.627852781087831768e-02
-6.303266710117830796e-01 1.368105844972780538e+00 -6.060843943553865382e-02
-6.360411294973505880e-01 1.378835339516382152e+00 -7.341508418962557070e-02
-6.147331091764234312e-01 1.352318948314424896e+00 -7.520707690552726199e-02
-6.141845815156180555e-01 1.352872456534070622e+00 -6.632909914625262360e-02
-5.995882933473918319e-01 1.376959637844076711e+00 -7.651116557022209774e-02
-5.954885737766321130e-01 1.394656274550219788e+00 -6.434057328457711000e-02
-6.000634182292119423e-01 1.392227559444414675e+00 -4.668443931781601774e-02
-6.084966826308613186e-01 1.387731248194049805e+00 -2.221067373437372872e-02
-5.866570785032573232e-01 1.423194779762190665e+00 1.345382199318451155e-02
-5.580356192745591359e-01 1.443067143048677003e+00 1.511236762941265549e-02
-5.584631496653053029e-01 1.439335621071337945e+00 2.474346934739494325e-02
-5.509587345871537201e-01 1.448495098315079721e+00 -3.772085791694662626e-04
-5.330504240173343788e-01 1.477057423813332271e+00 -8.811227912131153195e-03
-5.229055803549015335e-01 1.475113922289228885e+00 -1.843968240507410511e-02
-5.419859271571082493e-01 1.498446772256578408e+00 -1.250970369701592116e-02
-5.753922324636863150e-01 1.503522275030987121e+00 -8.312336450308540486e-03
-5.904180428122914881e-01 1.504779321811937853e+00 2.033162653760158672e-02
-6.008928245416644831e-01 1.473919410396160146e+00 3.624954366669805306e-02
-6.030892872589561637e-01 1.426670627593562113e+00 1.898128191864693892e-02
-6.080688962715375956e-01 1.399524679739664768e+00 -7.566477230359809625e-04
-5.887822661661488155e-01 1.383381533357194160e+00 2.409107393232732576e-03
-6.146239146953353938e-01 1.382442485062560511e+00 1.501078971497006413e-03
-6.074234045176698515e-01 1.400125297033617766e+00 2.191248101762125616e-02
-5.818027361272957165e-01 1.379386414584419907e+00 2.904282678841154514e-02
-5.854942099888990059e-01 1.367286153453536102e+00 2.714840012869852368e-02
-5.967054430404674648e-01 1.354017957379339387e+00 2.659493999724048610e-02
-6.193704251935133742e-01 1.346196486662704084e+00 3.436801278461080328e-03
-6.414408819622428037e-01 1.365621896093479393e+00 -3.872842080151774578e-03
-6.480565804323592527e-01 1.384678235491895393e+00 -2.902847682480501432e-03
-6.269601458460319909e-01 1.391661886934304038e+00 1.597031663374858315e-02
-6.333459389459643596e-01 1.406818313080320237e+00 2.861478518914906469e-02
-6.430604103263726223e-01 1.395430120534788765e+00 4.853501051083299045e-02
-6.470283863590167162e-01 1.388305021393264616e+00 3.393920676272128845e-02
-6.464397000354823453e-01 1.385514379851711331e+00 2.255803319721505495e-02
-6.586182069887259738e-01 1.379267955072784213e+00 -2.075209727721648301e-03
-6.518347849917184300e-01 1.361803385715171011e+00 -3.650628433584880705e-02
-6.367078002018820015e-01 1.333577173975517560e+00 -4.237774625888426905e-02
-6.283207422522606445e-01 1.308497382079855997e+00 -3.411708283983874712e-02
-6.314663827246354000e-01 1.315784825473874209e+00 -1.980750573057282748e-02
-6.413709136241092512e-01 1.343448389944447596e+00 8.377689992940043351e-04
-6.499400517236677555e-01 1.343289769859365768e+00 6.073226962468670012e-03
-6.440728416770239440e-01 1.358053760587498271e+00 -8.340942904596162361e-03
-6.377619997561609910e-01 1.333347105771243601e+00 -2.069730351728758452e-02
-6.513822509892027712e-01 1.332886012025398026e+00 -1.398815762799941569e-02
-6.755924611749698494e-01 1.334590416679417801e+00 -8.012991054677266745e-04
-6.691558205532602832e-01 1.330528722103353934e+00 -6.470684686059383767e-03
-6.815020754575032980e-01 1.331970103177779974e+00 -6.933139497674031815e-03
-6.861976184591280781e-01 1.326108917960137745e+00 1.111310992841335957e-03
-6.906954912569451821e-01 1.336022593841212247e+00 9.739912407581874376e-03
-6.922876136874109854e-01 1.351829787640872693e+00 3.235147404886552780e-02
-6.756316608483496911e-01 1.372385280877878033e+00 2.624647452350008930e-02
-6.817946972979618270e-01 1.365137890242635654e+00 1.308260774314890136e-02
-6.761175218529275055e-01 1.333492108330751158e+00 3.142949922995663670e-02
-6.863379978542598625e-01 1.305714484614632243e+00 3.116252397820111139e-02
-6.997860479732104233e-01 1.298903053489459225e+00 7.543639495081889967e-03
-6.897211993249299233e-01 1.320736444382951014e+00 5.289133884713827921e-03
-6.920365530588977743e-01 1.321486296876156263e+00 -1.004689823060147223e-02
-7.011675857205598161e-01 1.317696591858780852e+00 6.092258846569728950e-03
-6.975679442205698910e-01 1.301185453486282118e+00 -8.078082803339348486e-03
-6.593135283035439498e-01 1.300087216618083463e+00 5.496059250966890686e-03
-6.560158968809236546e-01 1.314019428804853007e+00 -2.666951172196302400e-02
-6.556954219287807195e-01 1.352868520870303293e+00 -4.807243578905412429e-02
-6.392138923354689917e-01 1.383434358322671809e+00 -2.776666961899389163e-02
-6.191577874357926392e-01 1.385810187418288875e+00 -2.209974281521516482e-02
-6.068747618726604287e-01 1.406597777897336199e+00 -2.418435700625407025e-02
-6.266218450254663619e-01 1.406668118572644621e+00 -1.850722760179885837e-02
-6.315206356448741509e-01 1.411319586213083177e+00 -1.298728507665536033e-02
-6.213141414452284517e-01 1.401620047389521284e+00 4.076579659608690898e-04
-6.437190297223103208e-01 1.410754000498844141e+00 4.482724975997494192e-03
-6.299126354070700984e-01 1.403571427317035436e+00 -4.146150845863493320e-04
-6.348834648480891074e-01 1.370989777974405799e+00 -1.024099993500712444e-02
-6.294626913537676449e-01 1.330075011304486798e+00 -9.906417659314431870e-03
-6.261471382033196864e-01 1.316822754508823135e+00 -1.525965216010405530e-02
-6.428547235834117801e-01 1.324086687444238963e+00 -2.803596880614588754e-02
-6.653857731253575158e-01 1.336639401196373367e+00 -4.669084507033258169e-02
-6.692339847574422240e-01 1.320971260364057320e+00 -3.660358242267214290e-02
-6.715532532260195531e-01 1.323120165784626323e+00 -1.329799033702358177e-02
-6.693754223557091265e-01 1.301135664835309180e+00 -2.118683077703827772e-02
-6.741542766173248546e-01 1.310571359279885550e+00 -2.034075150783664146e-02
-6.564145960025880022e-01 1.327422765740488231e+00 1.140449991933417326e-02
-6.564470800695421104e-01 1.317220556552013200e+00 9.152657655350443858e-03
-6.577860208683643517e-01 1.315881784204055771e+00 -1.097329528554289411e-02
-6.721379310434305587e-01 1.311848346398696741e+00 6.915598885486404918e-04
-6.826345550268226869e-01 1.290458873003414109e+00 -7.153886102351252399e-03
-6.698117372311391815e-01 1.284817752418941250e+00 -2.241910112124479576e-02
-6.631201658121250730e-01 1.282741577342746853e+00 -2.253494268691770552e-02
-6.483810881458803577e-01 1.270468172749595892e+00 5.773035283737883161e-03
-6.303835448451357015e-01 1.259073276719285150e+00 -1.571704214357681068e-02
-6.249921017047176397e-01 1.275555174451769691e+00 -2.586619412224452907e-02
-6.084145237482634361e-01 1.301878827051945686e+00 -6.220028475310175609e-02
-5.934477962535606999e-01 1.334793533182473402e+00 -4.071529325511602515e-02
-5.797640177864138433e-01 1.343090253354088048e+00 -4.615763390113738346e-02
-5.807166701656343299e-01 1.352557523214798607e+00 -4.330918721766145035e-02
-5.725428737497423315e-01 1.388764567562158492e+00 -5.204926578584056357e-02
-5.691205078664043349e-01 1.402015903587708889e+00 -6.828614534408919412e-02
-5.587416424839815043e-01 1.412453241686472349e+00 -5.650133454740521866e-02
-5.394652332002490835e-01 1.414758497468101339e+00 -5.816394720175845773e-02
-5.196635122007986496e-01 1.443748182794915902e+00 -5.647323182028440164e-02
-4.995700087386745203e-01 1.468600759800146260e+00 -7.734472119059550288e-02
-5.002090735655625453e-01 1.480094956998032174e+00 -6.944264255485833870e-02
-5.136355423073502013e-01 1.448358713895210315e+00 -8.259952405572563994e-02
-5.497380868909356177e-01 1.433426068070409842e+00 -7.637754621439719893e-02
-5.696389673782629171e-01 1.433004334491034815e+00 -8.156849166398387474e-02
-5.862876185186384204e-01 1.437618674940570385e+00 -6.924770669980269411e-02
-5.868168520878446204e-01 1.427759952499319640e+00 -7.059243516236435312e-02
-5.722456469987968752e-01 1.413190230569845385e+00 -6.216910474392991354e-02
-5.567281320957387925e-01 1.426565908982754038e+00 -5.466466018743097732e-02
-5.489616806402548566e-01 1.435506867903942441e+00 -6.403876055483420648e-02
-5.456493185644869515e-01 1.448018214268087522e+00 -8.520664776792404027e-02
-5.551723576798642812e-01 1.424684085326506366e+00 -7.855859954175598014e-02
-5.854452792590838506e-01 1.405031155835448020e+00 -7.560060510396748867e-02
-6.172615435531835226e-01 1.413925131415911363e+00 -6.609813935627897874e-02
-6.132779131438781395e-01 1.396188168448782685e+00 -6.221906630607833971e-02
-6.164525738498215501e-01 1.374682256540565417e+00 -4.878319589894420522e-02
-6.042058144605255698e-01 1.368154752050783740e+00 -5.006371992555996853e-02
-5.907384371899958575e-01 1.371858055431173007e+00 -3.855861680561512017e-02
-5.967558890769802948e-01 1.360818784966472794e+00 -1.490355163987537937e-02
-5.955984193977015284e-01 1.354447777963737831e+00 -2.848603665566773468e-03
-5.989111358923607797e-01 1.374272998911484578e+00 -2.127492991814881017e-04
-6.067234112350161634e-01 1.354313008430563237e+00 8.058545046503691814e-03
-6.207378517351674896e-01 1.346664299168226053e+00 5.474060039496905089e-03
-6.023935497751213841e-01 1.371932774269123412e+00 -4.511675554151106660e-03
-5.699277431387028692e-01 1.390678617661988747e+00 5.440479343579581253e-03
-5.418767536752145952e-01 1.414057157295338207e+00 -1.211413260719360931e-02
-5.545178911204140526e-01 1.446883779514193558e+00 4.617900706536502350e-03
-5.449331687442831029e-01 1.456005901509501932e+00 1.189429768666105079e-02
-5.419749824567442475e-01 1.450362811222204673e+00 -2.057430382053541951e-02
-5.234450915047937913e-01 1.423353837203972017e+00 -5.512406428507168887e-02
-5.364805809526895786e-01 1.409116972047169236e+00 -7.919967687591797367e-02
-5.508205741955087831e-01 1.382095335297504279e+00 -6.025139417666441205e-02
-5.627498740153283885e-01 1.358077315497779214e+00 -2.701788751054796239e-02
-5.546887149023267405e-01 1.333773755719773524e+00 1.694186873312025776e-02
-5.437875289905179654e-01 1.325026145158906266e+00 1.919859968573336614e-02
-5.312052185238959057e-01 1.327074446817498643e+00 6.580355160224799979e-03
-5.324824720875428463e-01 1.341827342744980056e+00 -8.183087133607559391e-03
-5.646804513592816877e-01 1.352242253871704047e+00 -2.043558989743949825e-02
-5.993063613589242333e-01 1.362488064273545074e+00 -2.321647786210379386e-02
-6.331930633416464893e-01 1.348195803768799106e+00 -2.267236315548196157e-02
-6.606102851414513699e-01 1.347828753460956985e+00 -1.930083434955050595e-02
-6.761483032313455599e-01 1.338951793381766731e+00 -1.200579410819772527e-02
-6.986055523856451455e-01 1.373986375275847438e+00 -2.109506777840986641e-02
-6.988682995925974417e-01 1.374552957590291058e+00 -2.810887654549688169e-02
-6.615886376496368237e-01 1.386858201875309726e+00 -5.489117728913638777e-02
-6.475667224715231374e-01 1.416220521347778760e+00 -5.756796235880810853e-02
-6.369681440887901003e-01 1.418670240086119305e+00 -4.641869685392286532e-02
-6.215415743414390848e-01 1.425480939619462095e+00 -1.288820330025022831e-02
-5.932865631933522677e-01 1.413243582189471104e+00 1.804661907977909985e-02
-5.676608956350664981e-01 1.383273904874063209e+00 3.761431329053557121e-02
-5.591085205420665005e-01 1.391685826520650648e+00 4.706056653673959533e-02
-5.518719074639152344e-01 1.397184241155884799e+00 3.507897724852182542e-02
-5.559022349351729897e-01 1.423982631892525497e+00 1.878922374053636213e-02
-5.376041234109383282e-01 1.430851410797437051e+00 2.418078517256992688e-02
-5.551251021845708955e-01 1.444688033002175853e+00 3.114016125445351682e-02
-5.507787253288612961e-01 1.446624960773061463e+00 3.013885439309404307e-02
-5.895707826206922908e-01 1.460824441567191156e+00 1.583191389243727987e-02
-6.064558680952790715e-01 1.464476254558617851e+00 2.181711373536211404e-02
-6.026559831277146229e-01 1.438733078091852580e+00 3.057595301377294753e-02
-6.165273947941625199e-01 1.423265709524791811e+00 3.975480750006442354e-02
-6.135285081957353448e-01 1.414282183461539999e+00 3.477498391060028504e-02
-6.204592869363589891e-01 1.398691493835162225e+00 3.095600296873002658e-02
-6.213022660641774886e-01 1.390593664437072885e+00 2.256221772307256956e-02
-6.217349595403678375e-01 1.401813012916147683e+00 -1.192834958030689757e-03
-6.404195342976385374e-01 1.389516432796437773e+00 -7.930780816679191408e-03
-6.334263349307911461e-01 1.394580912747179324e+00 -4.123376572703311635e-03
-6.179428493558314361e-01 1.409583056790866484e+00 1.693593785315846562e-02
-6.036932607643561433e-01 1.408050001964097131e+00 2.614097886908983009e-02
-6.032105424315916675e-01 1.389811184968566149e+00 1.851681601383693698e-02
-6.033017193864108618e-01 1.404883202025012157e+00 5.458197119419284926e-04
-6.046545964919046723e-01 1.415903132171359324e+00 -1.196951633775989766e-02
-6.287816346656123212e-01 1.422129044155095556e+00 5.149981876016175922e-03
-5.969160223160638878e-01 1.421111425548653662e+00 1.807395064410647484e-02
-5.870733771397378398e-01 1.435797063887978675e+00 2.080178327197506130e-02
-5.767826387045489334e-01 1.442002419249430512e+00 1.656534150082570808e-02
-5.395335952308673022e-01 1.446696755224450515e+00 1.321096767620772751e-02
-5.374185095633505771e-01 1.417388410999340431e+00 1.747130214472551735e-02
-5.392308617535527260e-01 1.421302754816957892e+00 3.037785961968736750e-03
-5.440934660840528458e-01 1.440839207269265732e+00 8.270871536017772654e-03
-5.365491293804359740e-01 1.393416686218954981e+00 2.069989324815075735e-02
-5.326760670364920625e-01 1.388173403890319513e+00 1.798188278426160816e-02
-5.249091421268156088e-01 1.401707384115693955e+00 1.734163805384814766e-03
-5.180430880652341363e-01 1.409285331371106675e+00 7.171832489602779706e-03
-5.168462699616596101e-01 1.406136624325953877e+00 1.697269603538581126e-02
-5.363078210596553541e-01 1.400770757479245399e+00 2.473817613826080272e-02
-5.399561602953036887e-01 1.404824247497350242e+00 4.805023656700807555e-02
-5.306933715220666370e-01 1.390546858327699864e+00 3.451458937104925906e-02
-5.404493568619371802e-01 1.410032916352755405e+00 2.034520779576531879e-02
-5.347686278127978809e-01 1.438360875992584997e+00 7.272472563397962275e-03
-5.514323676447790978e-01 1.431267715145220443e+00 -6.986177868369192190e-03
-5.635436027210664056e-01 1.416292568163143528e+00 3.496089038460952272e-03
-6.024113922641504137e-01 1.405156764997629759e+00 1.103845477664573260e-03
-6.309090588606136585e-01 1.419046536472127418e+00 -2.127334705277377641e-02
-6.128174991252314241e-01 1.402952332724170637e+00 -3.215778993552142334e-02
-5.846415727751123059e-01 1.389611764432175711e+00 -2.056204408487762383e-02
-5.930127776185305510e-01 1.376796919889242909e+00 -1.505084137517737931e-02
-6.099704038294325725e-01 1.382974311733096151e+00 -1.608987824121229163e-02
-6.188947824696231503e-01 1.390016421944984648e+00 -2.372758959518128999e-02
-6.159288835742623425e-01 1.388776444725083881e+00 -2.163812870015537071e-02
-6.038066130907732143e-01 1.365556339875521497e+00 -1.187757426549121594e-02
-5.950700535346131748e-01 1.364212471773825763e+00 -1.394978936533012616e-02
-6.262434734116677504e-01 1.356495016586794167e+00 -6.175270715255648524e-02
-6.123384236853836038e-01 1.361758864963217741e+00 -6.170637826870410680e-02
-5.956802322822223328e-01 1.370726375610585857e+00 -3.154430747025945003e-02
-5.963467810454532447e-01 1.401147524868202598e+00 -2.036324817488158190e-02
-5.775627906859360783e-01 1.412134733611735138e+00 -4.026659031513151604e-03
-5.615524957169689690e-01 1.433110843761365993e+00 -2.808987719082959612e-03
-5.740940548480557570e-01 1.458650920055226452e+00 -3.091696008586072505e-02
-5.873594592878432774e-01 1.460273550975984547e+00 -4.685732610997769138e-02
-5.726400061742934477e-01 1.454894678603299685e+00 -7.720613907317284974e-02
-5.862057954832478046e-01 1.443049434371212802e+00 -9.846923458172024413e-02
-6.030557924388838531e-01 1.439131416823460574e+00 -1.110770750410442070e-01
-6.021861004042451393e-01 1.420827826708954023e+00 -7.663603794163420524e-02
-5.894662252596173380e-01 1.395859345856929723e+00 -7.422523072742324979e-02
-5.847370734682394433e-01 1.380258243450188882e+00 -3.753694479526592520e-02
-5.985909717433889332e-01 1.377266917754326414e+00 1.118091467596710187e-02
-6.275603603149806364e-01 1.375481292046909276e+00 8.163953162229377336e-03
-6.302967952073722513e-01 1.389893558409415641e+00 6.262841837941717643e-03
-6.293326899991833479e-01 1.378980472298132920e+00 1.641982852691566130e-02
-6.279074932553946331e-01 1.378756109202010638e+00 3.195357900001216667e-02
-5.900525925465380794e-01 1.384787311531616050e+00 2.928809828005546345e-02
-5.854541793072773892e-01 1.380393087690520382e+00 3.831751924672662651e-03
-5.870275036939017754e-01 1.373531983541825152e+00 -1.492393174680968493e-02
-5.938574046008737728e-01 1.369620147326476856e+00 6.182480941157218746e-03
-5.970135666119489315e-01 1.388776865972748631e+00 2.506737171708752973e-02
-5.985596457619621891e-01 1.379516071404628619e+00 4.848470538974160304e-02
-6.245779934249617860e-01 1.383243468761905515e+00 3.595665455883675921e-02
-6.005856508815454742e-01 1.397601487919534424e+00 2.596527948436612443e-02
-6.056104724457148647e-01 1.389229797154136747e+00 2.946886387546063593e-02
-5.933427630532785990e-01 1.407648316498578689e+00 5.249319519590980865e-02
-5.998769639942169718e-01 1.405564282697524980e+00 5.219125640075915340e-02
-5.981211106864446903e-01 1.390314605279047155e+00 3.913192235685824388e-02
-6.123807592596737237e-01 1.388249791964229818e+00 3.513681658931700619e-02
-6.386935346537742086e-01 1.410606128946803484e+00 1.370888540761127511e-02
-6.595664633242509511e-01 1.399873705521601952e+00 5.757137526035776415e-03
-6.528812675173392144e-01 1.387354082490137142e+00 3.434184334563457341e-02
-6.698114092907335726e-01 1.405907716411844532e+00 9.299231255824682435e-03
-6.511457986504294304e-01 1.407955494561191179e+00 6.023791530442556760e-03
-6.288473784565679070e-01 1.384316252117880675e+00 5.680800587501372810e-03
-6.147439748445826524e-01 1.368462310442981167e+00 4.036826200097345940e-02
-6.099731983415780379e-01 1.374736893895937673e+00 4.544502924502639291e-02
-5.935012060323681116e-01 1.380903865325621815e+00 1.387712777769068567e-02
-6.030779889220433398e-01 1.362525815476914870e+00 1.254390818778377756e-03
-6.057329087517275834e-01 1.373200938366375912e+00 -6.212595641916933246e-03
-6.334681806075548316e-01 1.396196486502197409e+00 1.184651808450229785e-02
-6.172307672672536771e-01 1.403752137818264467e+00 -1.417440253282462037e-02
-6.170955984361093938e-01 1.419322736356869008e+00 -1.322187514454412245e-02
-6.296241216691532694e-01 1.413208121565961539e+00 7.555965823455449218e-03
-6.496123250543941463e-01 1.389568283388388004e+00 5.596810386815968819e-03
-6.396912926428115487e-01 1.392716670904431631e+00 1.610758909478436640e-02
-6.428707736263662431e-01 1.368236027869247140e+00 4.737095683807625301e-02
-6.315468483019549550e-01 1.367505706949005750e+00 6.265155771689540076e-02
-6.430676022839725281e-01 1.348711979692298613e+00 4.463554232926565668e-02
-6.387107990309702776e-01 1.323592247430601443e+00 2.567874227999272091e-02
-6.461864415131569617e-01 1.288444860218157295e+00 2.840772500618661892e-02
-6.565999402719986389e-01 1.276695172092530361e+00 6.942079849136979786e-04
-6.661566713676525531e-01 1.295397434549145244e+00 -2.344378052286179986e-02
-6.673646048589396695e-01 1.307306690972851015e+00 -3.692803176527957587e-02
-6.777919175315391120e-01 1.331954783784427887e+00 -4.758156119265338074e-02
-6.684241064870184434e-01 1.355365263051818925e+00 -4.921991621616553930e-02
-6.889358370986120583e-01 1.366366865386557938e+00 -2.949177397042380619e-02
-6.897706134271087697e-01 1.339123979597966363e+00 -2.105051163348548721e-02
-6.609615481982036300e-01 1.336541185105520002e+00 6.439899511851952113e-03
-6.393774567412983112e-01 1.302637905160925813e+00 3.222583084778637974e-02
-6.508463603205995041e-01 1.288331659799765605e+00 3.750497184528151645e-02
-6.479326971024061965e-01 1.285390492998748080e+00 5.912887350024042393e-02
-6.555559706180250634e-01 1.279168822481382417e+00 6.068217765880359188e-02
-6.500040654340475399e-01 1.277953352449731073e+00 5.318144988085621305e-02
-6.534423993669027375e-01 1.277670789333005263e+00 5.278958775142278403e-02
-6.612175122252815784e-01 1.295801167193921133e+00 3.067658385409443092e-02
-6.593592002373588334e-01 1.303010990052238638e+00 2.154181964435780000e-02
-6.466693826088921737e-01 1.305396623038418857e+00 3.527528490685633011e-02
-6.399757661094809258e-01 1.307316286654173876e+00 4.638762853571973266e-02
-6.357214429879024520e-01 1.311944960100984936e+00 4.228846301280061309e-02
-6.407457265549101333e-01 1.303182877518775484e+00 3.397385530158242295e-02
-6.694731834313422114e-01 1.317925119063078077e+00 4.061342507462175483e-02
-6.943265948924539632e-01 1.345635564796125561e+00 3.080810806348992237e-02
-6.812768584313646514e-01 1.361224899066858285e+00 2.728982086715641547e-02
-6.741056146795385562e-01 1.367994438769705390e+00 2.549419331726612142e-02
-6.700464790779118163e-01 1.349378272549523361e+00 1.007495939632350838e-02
-6.758015802037049546e-01 1.351350415631250135e+00 2.772480434475208672e-02
-6.568573163872760690e-01 1.353078809279195438e+00 4.044384247234494162e-02
-6.201071699028873896e-01 1.347789396863890987e+00 4.751632080328117846e-02
-5.952732323098056666e-01 1.325551600657488560e+00 3.267844694160393360e-02
-5.932109737749849954e-01 1.310014927777518601e+00 2.131982523634892712e-02
-5.966526875670786767e-01 1.339988888285670532e+00 1.147811363310943279e-02
-6.016090597028924680e-01 1.371081698845298069e+00 -1.503406684447002907e-02
-6.126784480827104362e-01 1.392789085110884173e+00 -9.588115229973975112e-04
-5.927122557941436609e-01 1.419016954800695895e+00 1.126491402375861747e-02
-5.816370299767630314e-01 1.429345825598182129e+00 6.382854470510287287e-04
-5.971669730202882054e-01 1.436928382959988371e+00 1.235784156997814590e-02
-5.892605611559975642e-01 1.435592838842497665e+00 5.087155920034294732e-03
-5.936643246916355476e-01 1.414876101702941646e+00 2.355574241598380053e-02
-5.962498675873615372e-01 1.413681799148100549e+00 1.026870475413240932e-02
-5.884342614307332964e-01 1.403681133003059411e+00 2.547694892361380622e-03
-6.131807453731795698e-01 1.416799693647687874e+00 1.990890503240060234e-03
-6.007517396446838687e-01 1.410064289199899346e+00 -5.584591819399253171e-03
-5.953455625832346776e-01 1.404826038453472981e+00 -5.887123883556648167e-03
-5.684394773260883493e-01 1.398374836662260590e+00 1.005557405619646183e-02
-5.500452621593785452e-01 1.385363545956966203e+00 1.645761330864804056e-02
-5.511944534099697535e-01 1.387841848659387534e+00 -9.533633984795654437e-03
-5.626750918748020247e-01 1.374081286518634260e+00 -1.869184285860994027e-02
-5.594474734474939037e-01 1.386218165124496249e+00 -1.058396965499443926e-02
-5.355570432824481308e-01 1.410094203028912530e+00 3.726847175364086245e-03
-5.602158173820228626e-01 1.432153387020836055e+00 -7.663455934544328649e-03
-5.693365103773242453e-01 1.436044405128218626e+00 -3.320304188075165475e-02
-5.469483791037154097e-01 1.467539844442691477e+00 -3.707119108774225430e-02
-5.365325830616397562e-01 1.461746495643088561e+00 -4.251645682758622286e-02
-5.352754660102060358e-01 1.445044338139320983e+00 -5.212608032512933837e-02
-5.223793945201430367e-01 1.450267571922101428e+00 -5.730211424637959156e-02
-5.210990701864800512e-01 1.453969135792943845e+00 -2.499656571317489251e-02
-5.343681136057990555e-01 1.440806897725733560e+00 -2.692442651104819812e-02
-5.499100994273052878e-01 1.449873879309491853e+00 -2.494589086093316685e-02
-5.596304472973667732e-01 1.457896655630278815e+00 -3.587929262546540182e-02
-5.407168894701116502e-01 1.432998706346311213e+00 -4.390368874079986911e-02
-5.290170677029992774e-01 1.425944791952053592e+00 -4.856591385124357091e-02
-5.256212329725530319e-01 1.400877081540696123e+00 -5.398657066586082243e-02
-5.386477743715271105e-01 1.391639416056926315e+00 -3.851838012668652722e-02
-5.466033161060054324e-01 1.402129443686027654e+00 -1.612775957252538320e-02
-5.486166763856376027e-01 1.400428742421262696e+00 -1.983663484023431844e-02
-5.806555351171516222e-01 1.399803839583855236e+00 -1.361434628564905935e-02
-5.924105155351516716e-01 1.402668149842255518e+00 -1.959398053426638156e-02
-6.043935897587318085e-01 1.384724175711274485e+00 -1.199329668804413607e-03
-6.335731085149888253e-01 1.396597574117027563e+00 -4.025158007815166084e-03
-6.378098031019551195e-01 1.409275609448008781e+00 8.261202125357872128e-04
-6.358170897788016918e-01 1.428993100741523525e+00 -7.029533293845900005e-03
-6.040830822482390339e-01 1.434304472269031461e+00 5.416006789697436902e-03
-5.715616258977698205e-01 1.413109008923068455e+00 1.369922705763582452e-02
-5.591663304906934195e-01 1.407723315104401074e+00 4.185152345518344114e-03
-5.712274889976430847e-01 1.429460682941511962e+00 -1.753693797257364212e-02
-5.950684787861530989e-01 1.428456049720480348e+00 8.061876216458971345e-03
-5.664153156000408806e-01 1.415590440790000404e+00 1.213647743896043366e-02
-5.737129382925869603e-01 1.425433088356587774e+00 2.914730495547063205e-02
-5.631909453595835835e-01 1.422181468615376865e+00 4.401132646451086372e-02
-5.454272252306184843e-01 1.440273162428029829e+00 4.988505511948812532e-02
-5.346094074266215523e-01 1.463291231752716470e+00 5.022138883156893746e-02
-5.423476849262348631e-01 1.453272604795733169e+00 4.833980627832229482e-02
-5.456840977287260586e-01 1.413433349800590433e+00 5.156995523108727497e-02
-5.543766084884186318e-01 1.423189409537152894e+00 4.300572368993965666e-02
-6.003839117766397449e-01 1.434808042164686936e+00 2.888899715675544849e-02
-6.086630360410515417e-01 1.440154290687093219e+00 4.033877497219432590e-02
-6.115882858618650886e-01 1.418910969633393471e+00 3.559144884761964583e-02
-6.031918186530401682e-01 1.397170944122158920e+00 3.979880649226663625e-02
-5.991640930303396839e-01 1.391997844236332993e+00 2.993607609268010214e-02
-6.008624056697949856e-01 1.376378002704762515e+00 3.220973944315665138e-02
-5.995484246729857469e-01 1.353352848233935868e+00 2.851838627474014357e-02
-5.788437480414796443e-01 1.347942214862722032e+00 2.280477149089186334e-02
-6.030399261901334684e-01 1.378096366619936841e+00 3.103701413240162257e-02
-6.248953781169601651e-01 1.413589865501351461e+00 4.350935441991093944e-02
-6.199600537017189161e-01 1.413727770563495190e+00 3.511744784857370044e-02
-6.157386184010898988e-01 1.403157849877106678e+00 2.976707457808233648e-02
-6.219775716036418656e-01 1.406827276981868158e+00 2.113563717218024107e-02
-6.218656825481648776e-01 1.365922788020807133e+00 2.136513178025234438e-02
-6.387399865660570164e-01 1.363954957782576027e+00 5.151152216004387108e-03
-6.505567750738615596e-01 1.392542552005461065e+00 -1.110690368787124044e-02
-6.418541881857273701e-01 1.413219985985241012e+00 -2.356356044009719902e-02
-6.096409068828226863e-01 1.427383902144486738e+00 -4.387851608438138318e-03
-5.789482291609877596e-01 1.439996730723716256e+00 -4.507120343327931065e-03
-5.598712185969292321e-01 1.427319722680063796e+00 -8.426244258913927893e-03
-5.629406148939569698e-01 1.409964254294692410e+00 -3.339609887990589027e-02
-5.660833925938727473e-01 1.407953206871171981e+00 -2.493110189079413702e-02
-5.942157112182293588e-01 1.392916902296060355e+00 -3.206791753750708185e-02
-6.030101168535714207e-01 1.393301946927809398e+00 -5.307973819402236892e-02
-6.177912648322755329e-01 1.396776900166781354e+00 -5.787479141674928274e-02
-5.875394728032844460e-01 1.407287316083274620e+00 -6.140496847215400761e-02
-5.626709270717454858e-01 1.411530953966811275e+00 -7.214399139587902854e-02
-5.520684534576679736e-01 1.405559228303323582e+00 -6.261684887536539401e-02
-5.281898066951120629e-01 1.411447567319200402e+00 -3.440512323619832058e-02
-5.254994347640902230e-01 1.397683149848047979e+00 -3.712631577086099310e-02
-5.066372210794781727e-01 1.397359188607723679e+00 -4.179290171218711519e-02
-5.153667980953403616e-01 1.417587631166512097e+00 -4.583465821898842496e-02
-5.185814707746981833e-01 1.422691390286686897e+00 -3.011694500606154970e-02
-5.222661191296760208e-01 1.426863652401824556e+00 -4.396479231278688921e-03
-5.317866328828751987e-01 1.431564193631628124e+00 3.183122853135308093e-03
-5.361056765810966462e-01 1.445780407486322972e+00 3.045094711099260651e-02
-5.506586467127910778e-01 1.484846011261739873e+00 4.253768123114781696e-02
-5.576528864978128608e-01 1.475502355977831526e+00 4.275093242889469597e-02
-5.373584071024983810e-01 1.446147241536971606e+00 3.135256268913477057e-02
-5.169229364167030605e-01 1.433934564730748651e+00 2.048185146306755189e-02
-4.948430763550637490e-01 1.413787741194006076e+00 -1.299228624963133516e-02
-5.097861042549057808e-01 1.419482452485138380e+00 -1.557453416203179869e-03
-5.515952314843189930e-01 1.455197878756913532e+00 -3.693478311555856673e-03
-5.622820507364716391e-01 1.476154121170432099e+00 1.446035900658796530e-02
-5.769966357175965177e-01 1.486452442731221124e+00 3.169981573106415984e-02
-5.732237952347963850e-01 1.481955791638861486e+00 1.798982366588173371e-02
-5.880360782818018217e-01 1.471324158484882849e+00 3.094011303480660030e-02
-5.724554662187757437e-01 1.436018722480469245e+00 2.753772876052860280e-02
-5.740223879421946229e-01 1.410992237470690913e+00 2.106427469129917157e-02
-5.764386575073695562e-01 1.393541558350032350e+00 2.571011589324935856e-02
-5.647862439354566222e-01 1.395440260137150057e+00 3.709568423780167795e-02
-5.598627774922209088e-01 1.371054625716747299e+00 1.740545877513235626e-02
-5.635170123519931407e-01 1.347745089174210431e+00 1.284885170334999077e-02
-5.682088613925821985e-01 1.361229550142508016e+00 2.816633279458363032e-02
-5.756745192011620826e-01 1.376350961974668996e+00 2.944020634326165523e-02
-5.488278296345018292e-01 1.384827885250860868e+00 3.043989092567224095e-02
-5.380380262458618335e-01 1.412648219812781436e+00 1.944916394734325787e-02
-5.294653335598318300e-01 1.416124010667865640e+00 2.465413855886222638e-02
-5.274295743505938994e-01 1.417968279503769358e+00 3.335168721586401208e-02
-5.592019260062965902e-01 1.395429736759952855e+00 1.654113708219524456e-02
-5.417140301629562726e-01 1.374628717804042388e+00 3.374583416267434161e-03
-5.677342428001327379e-01 1.375666984780339552e+00 8.036857821932873874e-03
-5.720853728143344696e-01 1.388331403027237121e+00 8.269938518025432561e-05
-5.726853792242541097e-01 1.403890372897147021e+00 -2.184398193362613403e-03
-6.047523822772365998e-01 1.433533443900457005e+00 9.126124056536238580e-03
-6.125546846223612896e-01 1.444445259797736636e+00 1.460465224111412962e-02
-6.097248740065872585e-01 1.446214560709032870e+00 1.719143692339850094e-02
-6.162779099875631550e-01 1.458528579826650740e+00 2.520951243345511544e-02
-6.170365857614458216e-01 1.451432450928442863e+00 1.138695307882906654e-02
-6.173164567793577584e-01 1.446586961424517259e+00 2.632850758513874401e-02
-5.916833855252064955e-01 1.460595759196161136e+00 2.916117896443104138e-02
-5.798889035290203386e-01 1.469865489836226224e+00 3.188525377651553472e-03
-5.678018522697594328e-01 1.479551358029439267e+00 -1.476922081756481403e-02
-5.614003554288012898e-01 1.476309599980879517e+00 -1.490749969704730990e-02
-5.416487998313797014e-01 1.473282778944967397e+00 -1.610858577449830742e-02
-5.335648981136376090e-01 1.478347846940007315e+00 -3.337709127696084077e-02
-5.146260955812125282e-01 1.464495659361951585e+00 -4.082373673205859366e-02
-4.950479279780946595e-01 1.472400224381213985e+00 -2.122556949193476691e-02
-4.976337050177707666e-01 1.494338928095142016e+00 2.611263059752792423e-02
-5.258903366486348263e-01 1.510770764886822937e+00 1.858347046741815403e-02
-5.253060145668552172e-01 1.513997546245532622e+00 5.430300279402403008e-05
-5.175893726732733180e-01 1.518549047301125166e+00 1.056428613062698925e-02
-5.173849803620317322e-01 1.506883105385930177e+00 1.793329027754096000e-02
-4.953550330168774440e-01 1.493034405895905969e+00 2.930116456547415815e-02
-4.860946993359623325e-01 1.483580439811229779e+00 2.361144417654215122e-02
-5.083705539683860408e-01 1.471642575264173969e+00 2.332386417588705116e-02
-5.164153960487413153e-01 1.461561083164258257e+00 3.312980173319674676e-02
-5.334857801406878153e-01 1.470186235577550571e+00 3.001820617595291757e-02
-5.297601277680908938e-01 1.460487156048477342e+00 2.827286500001572819e-02
-5.162149473864090510e-01 1.432017971671291523e+00 3.877075573313111534e-02
-5.099492469746413903e-01 1.414179185345215473e+00 1.997202079946830411e-02
-5.047080610957270785e-01 1.416531216906086632e+00 -6.338660397110808947e-03
-5.102978508902528132e-01 1.434148319183543352e+00 -4.009963120886353947e-03
-5.053453676375367909e-01 1.439558140862127411e+00 -1.292970533572581487e-02
-5.326288613834397889e-01 1.459488987666353044e+00 -3.178463120038857448e-02
-5.498308755191188002e-01 1.485174688959379541e+00 -4.060060005925746063e-02
-5.692979591137393713e-01 1.499249906937003107e+00 -1.308011909326492819e-02
-5.794279582073190715e-01 1.485227429799713894e+00 -2.077069245863130340e-02
-6.003199846987716803e-01 1.503697522586095570e+00 -3.217654492802330540e-02
-6.093301997080403654e-01 1.518313776702401752e+00 -2.350145674553375669e-02
-5.772844651322910359e-01 1.493279022218766405e+00 -3.769712812043284761e-02
-5.617627948300392138e-01 1.489172310833243085e+00 -3.965935369020744811e-02
-5.626726173476830350e-01 1.470528193050315569e+00 -7.255861542912640794e-03
-5.566818008172028653e-01 1.478509501421555905e+00 -2.224932452791291565e-02
-5.684188468739320710e-01 1.475894054173051639e+00 -4.230496897085479074e-03
-5.843348265539752839e-01 1.483629692417575141e+00 5.692257034079512695e-03
-5.683317983920036509e-01 1.511192409550505156e+00 2.246043261961902515e-02
-5.511499093653430270e-01 1.514351491052521315e+00 4.442107448604989961e-02
-5.181746316806947750e-01 1.490916095436723099e+00 4.160883193562114196e-02
-5.034469331948614457e-01 1.460260435595793993e+00 2.609083145539228474e-02
-4.946938195426235363e-01 1.483860762712863046e+00 1.653232628068587035e-02
-4.972071076711101489e-01 1.507211328243869275e+00 -8.471664557338106499e-03
-5.112892854824351296e-01 1.524828521849789231e+00 -2.686372639677821195e-02
-5.037267729182658416e-01 1.521134284252940949e+00 -2.786627338245704563e-02
-4.928811732459956740e-01 1.526941291939466705e+00 -3.667536740980934656e-02
-4.982438167239762183e-01 1.530242077895506814e+00 -3.553656110381304967e-02
-4.979398257525287086e-01 1.529661014554770881e+00 -2.700802364805342248e-02
-5.090129178319762193e-01 1.524246188776256838e+00 -4.018780326686223481e-02
-5.256193388194474458e-01 1.538677558985458216e+00 -4.699460823280616345e-02
-5.190470793548733752e-01 1.551795572618297925e+00 -3.409269666437998725e-02
-4.913591612368435335e-01 1.541878351717914208e+00 -2.904078196161759620e-02
-4.874210383129650714e-01 1.541529937557087226e+00 -4.565765828662423503e-02
-4.812518359895427977e-01 1.535426030090278893e+00 -3.854321873528157583e-02
-4.739816372614967799e-01 1.534006422189846841e+00 -4.411863012275853146e-02
-4.895065399988294264e-01 1.526752635014321680e+00 -4.095406283611962434e-02
-5.061463348712689214e-01 1.526060251308368310e+00 -2.927307017453632809e-02
-5.391282080501181850e-01 1.520198144489085079e+00 9.717461095894164291e-03
-5.388013177055998026e-01 1.512728709452761500e+00 -1.000827428068911534e-02
-5.280804867876899289e-01 1.493422313357639419e+00 -1.223204005299564044e-02
-4.971112303368107055e-01 1.501945044182241729e+00 -6.940233132268109305e-03
-4.957255160440443564e-01 1.521717097308127320e+00 -7.318955124114225226e-03
-4.856807889592996696e-01 1.484443523747373206e+00 -5.919078555276692175e-03
-5.056710249938969337e-01 1.451728284670980251e+00 -1.654495889053207540e-03
-5.078642215109798741e-01 1.425891005230534248e+00 -9.877837882138772174e-03
-5.271985587977425780e-01 1.414166109211265843e+00 4.847219587093241910e-03
-5.581910533074351255e-01 1.417753840024050360e+00 -4.057385138181143769e-03
-5.790650167324189468e-01 1.418484501544444720e+00 -5.171808271679040336e-02
-5.828133519256940565e-01 1.427643371077332413e+00 -6.899733574362307276e-02
-5.805267600198105171e-01 1.442008623858912930e+00 -7.187497158715126788e-02
-5.766295542517936301e-01 1.426231060528226902e+00 -6.841608067602228394e-02
-5.562924371682561597e-01 1.409191474432527569e+00 -6.351897585891426445e-02
-5.401545571366456189e-01 1.395077903313947765e+00 -7.003652901009510545e-02
-5.391117446811743985e-01 1.385884270425094655e+00 -5.587556862308919875e-02
-5.465437687028923408e-01 1.417674554571663803e+00 -3.214326036983934654e-02
-5.598651763416725435e-01 1.435559805403742839e+00 -4.510394542831178133e-02
-5.645581519928615233e-01 1.452474133481576279e+00 -4.795884389602155656e-02
-5.614135252795453557e-01 1.449488171051375174e+00 -5.031654500059630497e-02
-5.693138084743443184e-01 1.443578362753455524e+00 -5.265152159527652226e-02
-5.871083074825991233e-01 1.439650868730450339e+00 -5.421630174186553575e-02
-6.154935737953052266e-01 1.448757564032976175e+00 -4.438270454124450953e-02
-6.055554972552501525e-01 1.473016641559323769e+00 -1.835208024549382644e-02
-5.828456506089370048e-01 1.464245416372974784e+00 -2.627924495709446986e-02
-5.570621724572548672e-01 1.444891149001133579e+00 -4.956435021849019129e-02
-5.323608314258908569e-01 1.431754426787617662e+00 -3.725465766897451819e-02
-5.356046427225542583e-01 1.430577174848313815e+00 -3.153675410103239096e-02
-5.268795849097234196e-01 1.429414396437819645e+00 -3.511324780890647673e-02
-5.510801729418011163e-01 1.427559348963957087e+00 -4.569605025317745317e-02
-5.607119081908391589e-01 1.408931452805964213e+00 -3.800007639069492155e-02
-5.661192246692692276e-01 1.398287904167812901e+00 -3.897309410019825920e-02
-5.752493184652738289e-01 1.411864874042698004e+00 -3.601634080406480865e-02
-5.765815669040417202e-01 1.428938713848629583e+00 -4.565348960523367416e-02
-5.655600271320797567e-01 1.449418079389361624e+00 -3.650948012537833659e-02
-5.642208069294569750e-01 1.456152741118688310e+00 -3.712042163429504771e-03
-5.538115902948455016e-01 1.455410052476897143e+00 -1.765851275926468228e-03
-5.223208082953749720e-01 1.431380065723568240e+00 2.115537471388821006e-03
-5.111283065028143779e-01 1.420988056517613618e+00 -1.951204105053552101e-02
-5.355504716942152132e-01 1.406540999160192040e+00 -3.562190368442920418e-02
-5.354485107094639762e-01 1.402475696984763154e+00 -4.486796354750702959e-02
-5.174296552826304074e-01 1.407612822129592045e+00 -2.254895400809435457e-02
-5.219877087469007026e-01 1.430665969275745297e+00 -1.144007834413907597e-02
-5.209316814215071423e-01 1.449597852224483674e+00 -4.790639750035765448e-03
-5.363534456072358569e-01 1.457932796133449393e+00 -1.608820541668548598e-02
-5.586970781220600424e-01 1.461785412588654021e+00 -3.498698914475653621e-02
-5.465980409210834390e-01 1.466637643525462664e+00 -2.806666695882046453e-02
-5.402605972265592804e-01 1.473284408122960354e+00 -2.002456079859608884e-02
-5.283899067167395769e-01 1.476757644819453485e+00 1.600772725904323068e-02
-5.534021278927083731e-01 1.478660261821231225e+00 2.866687772988157218e-02
-5.739252869854333250e-01 1.464526725487906633e+00 3.095885000819373345e-02
-5.915791828747135606e-01 1.453878034435276412e+00 1.805770744642866410e-02
-5.978419030925631317e-01 1.447587395438654445e+00 3.522670604508647274e-02
-5.836906034475015659e-01 1.451003350206930609e+00 4.472483957456092202e-02
-5.682627903765422595e-01 1.457810248647274598e+00 3.340175054560148155e-02
-5.431118565068603354e-01 1.462880525440495516e+00 1.995485688246666223e-02
-5.388128187005672975e-01 1.460561265366339345e+00 8.396584118526968094e-03
-5.458395743202396622e-01 1.449970873529515591e+00 -2.607827764662349126e-03
-5.412762280568861328e-01 1.468390175882769100e+00 1.233015858197391255e-03
-5.104847533047999208e-01 1.479248554198779653e+00 -9.787837718613457555e-03
-5.053990833978597719e-01 1.490937667436611935e+00 2.095077501236032591e-04
-5.038075097469404406e-01 1.528626292428750810e+00 8.480181650866691970e-03
-4.782721880932866432e-01 1.548955654066924703e+00 -4.081107453156217896e-03
-4.763692895449874731e-01 1.550018062358292870e+00 2.039720134150839470e-02
-4.775028993947354472e-01 1.546501148503951040e+00 8.233977367253276364e-03
-4.641295243299200513e-01 1.539669870243617122e+00 -3.955997334004843907e-04
-4.558951706737618959e-01 1.538965100763256100e+00 -2.300238184013488063e-03
-4.537417440147470393e-01 1.520541413149798515e+00 -1.497551531127785072e-02
-4.872601396154424558e-01 1.511217663000389066e+00 -2.567289036842489852e-02
-5.069811805186249520e-01 1.520961485763387966e+00 -4.226038143890714638e-02
-5.224615407689447988e-01 1.522122315915793944e+00 -7.690206318107943584e-02
-5.159830395868666431e-01 1.523015208654793895e+00 -8.497498112164374173e-02
-5.012098921683967312e-01 1.506307660047482955e+00 -6.944998542133824782e-02
-4.968112984190548587e-01 1.492608633125468653e+00 -3.439564972267637744e-02
-4.950149208677411261e-01 1.480212729683501705e+00 -1.718688217053072897e-03
-4.771775624400956262e-01 1.485563147551502539e+00 1.743982088293867527e-02
-4.738007503363099171e-01 1.495586111630484494e+00 3.539912468528670642e-02
-4.950020621047033220e-01 1.487596408490413191e+00 5.882096421240047557e-02
-5.113439852746307634e-01 1.499940914387461133e+00 6.037127113622930974e-02
-5.374931011398575986e-01 1.501201462331246628e+00 5.287844389100913173e-02
-5.683070874614373214e-01 1.483138235706894736e+00 2.581353733265331560e-02
-5.617379729400429067e-01 1.514767099653085092e+00 -1.250798191961291841e-02
-5.544009492457381283e-01 1.529221037867896094e+00 -1.866686190527973993e-02
-5.245059633347467498e-01 1.537820949017340455e+00 -1.261616986228636036e-02
-4.882920829360850590e-01 1.535778846253812890e+00 -4.441715800913050016e-04
-4.804275930359591107e-01 1.507110538834275815e+00 1.352718591729514495e-02
-4.797703971626145480e-01 1.522720051604703251e+00 5.046373862141687039e-02
-4.746248985492605987e-01 1.510905250943735956e+00 8.284046172105642702e-02
