# x [nm]    y [nm]    z [nm]
0.000000000000000000e+00 0.000000000000000000e+00 0.000000000000000000e+00
-1.577544636212119831e-03 2.339204492454300191e-02 -2.363259088124458895e-01
-1.885823480384919704e-02 2.977363470843150117e-02 -2.777059576636289884e-01
-4.111394153965670234e-02 1.516805401378237134e-02 -2.622890669648562656e-01
-6.649349295762926881e-02 2.453100526072674731e-02 -2.128278737134436938e-01
-6.637788039897798975e-02 1.765851484700245444e-02 -1.701508968278051259e-01
-5.789070260088149955e-02 8.512316726523441041e-03 -1.257788058491825234e-01
-7.197068282149221563e-02 1.450481913579291203e-02 -9.715192795632450473e-02
-9.027249444553897550e-02 3.886608375349511618e-02 -9.641486447759475831e-02
-1.000884278731117294e-01 6.540104487344416961e-02 -5.906562522256593450e-02
-8.499229197015159554e-02 5.945211971722927369e-02 -5.250612518280465407e-02
-6.707621578444501742e-02 6.316181354706507101e-02 -5.027259515919631216e-02
-6.424640683119431372e-02 4.057338442423621266e-02 -6.634131385679173376e-02
-4.410186561096682278e-02 5.691882810323378034e-02 -3.906236311115282578e-02
-1.644773470622433106e-02 2.507962434430484333e-02 3.292368499120973402e-01
1.120629999628082810e-02 3.204372806432961157e-02 4.480818610012244907e-01
2.706696399197105335e-02 4.012826259740834289e-02 4.484105761008780333e-01
5.565159986950980742e-02 4.971155343290147716e-02 4.000323453576795085e-01
7.799798655760166455e-02 4.674274640113597334e-02 2.996505600788353929e-01
7.596521688972895925e-02 4.516300282674766409e-02 2.187016367668526695e-01
9.410959528185336431e-02 2.565231190985158005e-02 1.715128165106010183e-01
1.105080971059145822e-01 7.561798050444315522e-02 1.717653778738429948e-01
1.109200454591142554e-01 1.013309775451388395e-01 1.628500726201826676e-01
1.372502306192853738e-01 1.279320274776105104e-01 1.597805776434387259e-01
1.444820854370547358e-01 1.319798294879026279e-01 1.545191350629288585e-01
1.212974150426495978e-01 1.538224356152154415e-01 1.245319716353086442e-01
1.070448802874830602e-01 1.660229818090162013e-01 5.810892758563064586e-02
6.110584593157331740e-02 2.344343274448995040e-01 1.734146952170269318e-01
5.951831850146858255e-02 2.502743782230280045e-01 2.107796336099949652e-01
6.501474795920994532e-02 2.428644748331023340e-01 1.965848273768649734e-01
7.762864437111380300e-02 2.339991272236448538e-01 1.586049450234647273e-01
8.074171425257942181e-02 2.314989257552401147e-01 1.119920302123496303e-01
9.958560585644085639e-02 1.986223480651803097e-01 3.472022736979035740e-02
9.066516371312149936e-02 2.841235760277301958e-01 1.262821382555435190e-01
1.002609510491633965e-01 3.173232119373679549e-01 1.720578569803364877e-01
1.269924543087106450e-01 3.430528233666966798e-01 1.834293583155656160e-01
1.606451468805081828e-01 3.431334631859077611e-01 1.611827581074625204e-01
1.741408928988461280e-01 3.361798708711881134e-01 1.277450235704591652e-01
2.038182976340733865e-01 3.145862977827206253e-01 1.019313223085341891e-01
2.321556255969795535e-01 2.713777391201354083e-01 3.175017287761772167e-02
2.415326145418213166e-01 3.189739656157913883e-01 6.839101177645315333e-02
2.509831589268036733e-01 3.363246740320739447e-01 1.107777274335954576e-01
2.748342576747372923e-01 3.123271806904434622e-01 8.659261085629599286e-02
2.960200631862579534e-01 2.928174459248064077e-01 5.119316632419247670e-02
2.965710367580078888e-01 2.916519992067646005e-01 5.697876174539265315e-02
2.602995137029740502e-01 3.054154961935134915e-01 6.510050341254711159e-02
2.371514544585615059e-01 2.889164456912417522e-01 2.613363558335973086e-02
2.096322050582162810e-01 3.366854697226230320e-01 -4.744325861046731069e-03
2.336398904099897811e-01 3.365366102337993270e-01 4.561475664915518591e-01
2.362305619329146400e-01 3.313035239748927108e-01 5.817192716593813095e-01
2.368532189812193878e-01 3.088635999028390144e-01 5.698132324988625097e-01
2.383440190736046405e-01 2.929760752883614483e-01 4.882704341352809840e-01
2.253716288085658159e-01 2.886423699082334982e-01 3.966223169332447895e-01
2.842429341544230326e-01 3.576784972428886933e-02 1.463453479722124917e-01
1.669907194745152701e-01 8.799988194654723150e-02 4.355182097704594080e-01
1.350817506373832577e-01 8.087938877374147018e-02 4.848875260280208765e-01
1.640901064709156532e-01 8.845284751743390239e-02 4.498146618231302352e-01
1.879515857024146031e-01 9.502998952073503369e-02 3.877370225015004390e-01
2.227422344407130050e-01 9.293784636666256593e-02 3.047147220442767424e-01
2.476584298846717103e-01 1.124890087132958821e-01 2.477408974363237149e-01
2.803943779269399972e-01 8.487687154900071251e-02 1.667360722994708222e-01
2.944866539192191879e-01 1.283946790750141731e-01 1.700905251424517928e-01
2.685828489361793414e-01 1.693969167731604331e-01 1.924832704275764306e-01
2.667839624858865943e-01 1.751739130913122500e-01 2.074787593197038593e-01
2.579614595037520441e-01 1.563717942079074497e-01 1.768679200746992308e-01
2.421268382677688180e-01 1.614404074984096549e-01 1.437317730996532927e-01
2.403420239957027305e-01 1.738340121586398335e-01 1.429175669489988476e-01
2.262142913983551940e-01 1.737055381091945072e-01 1.384689986632342829e-01
2.457163519236923999e-01 1.651821751683722750e-01 1.426907500785679905e-01
2.336947608363245665e-01 1.913772377821429393e-01 1.525799104313646515e-01
2.510333598532930033e-01 1.931472788435036059e-01 1.307203744702946924e-01
2.478793762484729768e-01 1.949965116538981968e-01 1.424170154479826311e-01
2.348908196934040571e-01 1.997273832446146979e-01 1.253361644271120678e-01
2.116615594534683176e-01 2.239463564447946864e-01 1.182953667891782773e-01
2.195457329348101672e-01 2.571552077788486490e-01 1.080198487616760711e-01
2.264161707436360693e-01 2.673120059118384573e-01 9.317058840644941442e-02
2.485256811181921488e-01 2.519473482913905382e-01 5.054033615059517343e-02
2.325824674437102502e-01 2.962699974208795051e-01 1.566210540979246502e-01
2.182029364848304676e-01 3.057405567429101190e-01 1.655637367116675196e-01
2.264185108143367819e-01 3.042858693173322582e-01 1.431882621040085624e-01
2.172016191703090293e-01 2.718883194856507868e-01 1.167753882489348388e-01
2.429651840173970567e-01 2.383813689578217487e-01 6.909299197139534554e-02
2.421424121793161743e-01 2.352739127346273884e-01 2.942459831283571192e-02
2.224995772293851537e-01 3.426038601634420755e-01 2.062861143193907287e-03
2.271121601755924646e-01 3.711277943848519389e-01 3.031172444773791996e-01
2.252954675542660767e-01 3.830521677555966398e-01 3.750259334023281488e-01
2.323163137195533856e-01 3.840317221721566421e-01 3.638655453584092592e-01
2.447322500621611219e-01 3.625849045209897370e-01 3.136866017816744567e-01
2.451147241321243730e-01 3.511136483948135156e-01 2.731726635985515794e-01
2.971038960550901331e-01 1.932151868934063876e-01 1.198803067989010762e-01
2.927527536567300359e-01 1.819134869395812037e-01 1.759685828021075871e-01
3.071649574168480723e-01 1.880815324647264475e-01 2.021613163784883316e-01
3.194549691391907476e-01 1.858546967321828558e-01 1.621868520256174728e-01
3.035611401988045910e-01 1.734525720329376797e-01 1.534768725921514532e-01
2.830584114862394474e-01 1.869780953661532574e-01 1.752437095240430287e-01
2.558792327754964568e-01 2.062721612447923347e-01 1.540340638406866303e-01
2.130863800154478571e-01 2.177116480870140702e-01 1.159260781308741189e-01
1.936736443403801466e-01 2.091433147514392132e-01 5.008321096155399221e-02
1.360565383436404541e-01 2.995038706346628832e-01 1.562222511533659652e-01
1.364266218153519783e-01 2.966850951378687262e-01 1.799024942098661484e-01
1.426476985434087519e-01 2.811633120490682480e-01 1.629703813148974112e-01
1.664114714473468037e-01 2.756918516544880071e-01 1.667155299907980559e-01
1.835357127218605888e-01 2.582294266568271879e-01 1.614220427306400363e-01
2.052122765959830120e-01 2.406069832798151953e-01 1.777545829491105067e-01
1.894237682171186488e-01 2.179226553665090382e-01 1.789879265616624582e-01
1.837163859776180241e-01 2.178456390795990294e-01 1.632763319367109001e-01
2.198578659694364057e-01 2.207178468064054377e-01 1.108558051257282351e-01
2.167990795439866114e-01 1.904081054302257103e-01 6.933278896927269619e-02
2.106194001706605812e-01 2.438855777994993201e-01 1.207830739955062654e-01
2.065287058821763944e-01 2.427014412644875330e-01 1.278446829468289636e-01
2.297381899571667996e-01 2.388209027623180991e-01 1.061176198160052597e-01
2.954628539586445779e-01 2.583296367579310804e-01 8.736855283863456667e-02
2.669749545471770680e-01 3.145931838015864068e-01 2.223550481415008384e-01
2.828269410751265145e-01 3.355831036026612479e-01 2.486014115426756210e-01
2.651126784418229576e-01 3.540357033747257853e-01 2.160305337521856439e-01
2.958717618216813450e-01 3.406724373635791614e-01 1.676072404070675648e-01
2.888997069974755250e-01 3.220983942416984491e-01 1.408317791246148087e-01
3.151359414825039562e-01 2.555916425464954123e-01 7.057732872582350714e-02
3.234903759358924713e-01 2.565295114795405618e-01 8.200211404295665307e-03
3.090863037095522570e-01 2.496014337138523220e-01 -3.133802146315474713e-01
2.716621455203421798e-01 2.564378214331835548e-01 -3.868645048366338157e-01
2.770961470757204448e-01 2.698887566638904500e-01 -3.517922600413657674e-01
2.735295860274030155e-01 2.648696580323566807e-01 -2.831248417837058939e-01
2.977842346336285750e-01 2.552253711104651157e-01 -2.055601185856626989e-01
3.019205490469126230e-01 2.522397995832808548e-01 -1.712720466656823537e-01
2.997395248108821186e-01 2.489211930659455674e-01 -1.536846032019275055e-01
2.993300082931563133e-01 2.358124033395514463e-01 -1.341070829148471311e-01
3.174904125864713156e-01 2.263674091624198748e-01 -1.006226364522387062e-01
3.133223245029330140e-01 2.182972013121891597e-01 -6.633301000116528789e-02
3.135931121348283779e-01 2.034550172199887930e-01 -4.507630753479166530e-02
2.618794617871096353e-01 2.094366472852035588e-01 -4.261412337107441106e-02
2.622117696117310937e-01 1.959970693121502461e-01 -2.102524692204664480e-02
2.504169690202847076e-01 1.674890668416113282e-01 2.740014715926779587e-01
2.479888500307774746e-01 1.302410904828700255e-01 3.382236566640921538e-01
2.700566778201819451e-01 1.049063331430565849e-01 3.245659419122277067e-01
2.728458596707887263e-01 1.139933362094227853e-01 2.791880170687904283e-01
2.845259147833580360e-01 1.202448137344896972e-01 2.352742717113485704e-01
3.039242529410578486e-01 1.411286898093513376e-01 1.763396788755117184e-01
3.212226875997885034e-01 1.746521228806340309e-01 1.506217167172047011e-01
3.041110956314772573e-01 2.100720953640221877e-01 1.304278383734486513e-01
2.622689139845473250e-01 2.649217896395657523e-01 1.363320951647489510e-01
2.559563736942895851e-01 2.786542457213738722e-01 1.170223240727429614e-01
2.635909635271502793e-01 2.780720226623502600e-01 5.204987217254787579e-02
2.463137815177981471e-01 2.725382870877595676e-01 1.513140901369412067e-02
2.260129104608832873e-01 3.091549723432939767e-01 -1.545746730132761537e-01
2.131330009225776423e-01 3.300215192405471787e-01 -1.812227363296466942e-01
1.869638246208099874e-01 3.631485031620326209e-01 -1.911034477524607145e-01
1.673700274511899511e-01 3.792507325668087459e-01 -1.924976813534671760e-01
1.751105958464394541e-01 3.647349466898054948e-01 -1.475300500375962831e-01
1.868586890649844290e-01 3.696236581525755294e-01 -7.395593941610821564e-02
1.897027600795976876e-01 3.578680977710433364e-01 -4.393405328152807932e-02
2.047176593841630865e-01 3.356791656982334726e-01 -3.063253397292136845e-02
1.940276544447520624e-01 3.211926925273521083e-01 -4.305763567052981605e-02
1.733593112169078687e-01 3.546421690382640657e-01 -1.903231766703936817e-02
1.832309429443057525e-01 3.619330563785614907e-01 1.440646031488400369e-02
1.704623778488172647e-01 3.518907277735552896e-01 -1.930701300314041635e-02
1.567660506311542024e-01 3.378897807511916929e-01 -3.651022167086658693e-02
1.403966193074421831e-01 3.339467891452790327e-01 -5.685401652168144832e-02
1.472058801856331312e-01 3.318200171137856147e-01 -5.564674902187478900e-02
1.674856240822282238e-01 3.283956526316882396e-01 -5.828097854081913665e-02
1.862763399852336577e-01 3.333452238752011576e-01 -7.483455579109261901e-02
1.770933284919993800e-01 3.554479189672332118e-01 -5.454181961931242606e-02
1.723179831994654243e-01 3.632636134596207711e-01 -6.454250309986156453e-02
1.446295920026432480e-01 3.768109147534313697e-01 -7.972167660856110949e-02
1.081880742332734235e-01 4.060199959434183659e-01 -5.838715100887504478e-02
8.062576604278270942e-02 4.142472262502390756e-01 -2.088985716306648865e-02
7.285889089123440132e-02 4.081996504590446051e-01 4.147062222861451486e-04
7.476120707117574204e-02 3.844686828770940146e-01 4.541443547197340225e-01
8.735006951480797643e-02 3.931913633272059450e-01 5.721751322246230176e-01
8.005700499015530602e-02 3.974090531449807617e-01 5.434728201716406693e-01
4.930262720745502703e-02 4.338422826877919580e-01 4.805373937354553981e-01
2.862012746497485591e-02 4.454305617771713299e-01 4.188815247341319825e-01
-3.208869218545172541e-02 4.695434650325982506e-01 3.507997648070031449e-01
-3.991964840862718966e-02 4.709439776364887642e-01 2.766566644033573441e-01
-7.617206780462695836e-02 4.720514596242186833e-01 2.365879021177954289e-01
-9.434437492428487948e-02 4.490165060568399036e-01 1.926102134642926345e-01
-9.384772961325785201e-02 4.394802688420851311e-01 1.743936242887777210e-01
-9.371337151572600721e-02 4.582075951386922474e-01 1.406521685875054828e-01
-9.796787403365612990e-02 4.524258385192468923e-01 1.254219560061550776e-01
-1.076199336865845402e-01 4.531623555860342933e-01 9.638031639414296192e-02
-9.430968197504549511e-02 4.551660604438660385e-01 8.050318579158104171e-02
-9.419258504562071088e-02 4.474177066176838746e-01 5.564273413415490865e-02
-9.135151311165286281e-02 4.544683106249232662e-01 3.188195791752385794e-02
-7.094828700399617716e-02 4.586113662969154015e-01 5.078116028600641180e-02
-4.087039729353449113e-02 4.487105838472972841e-01 2.719767617298018969e-02
-4.179852623966352071e-02 4.411257663831718578e-01 -2.158204119545224786e-03
-6.050461446973642160e-02 4.526836635086198268e-01 -1.338118058375890040e-01
-6.727421455347978863e-02 4.720698903695489945e-01 -1.484610482348434901e-01
-8.569534431407896391e-02 4.706637368435572788e-01 -1.605749389066441213e-01
-9.408295356835039147e-02 4.693569002269274426e-01 -1.481606671226094185e-01
-7.585707778486541764e-02 4.950510199128798638e-01 -1.012289105478201418e-01
-4.499484914212352471e-02 5.188925320502170146e-01 -7.806957222487470593e-02
-2.480664035273920376e-02 4.944270748073245070e-01 -3.367002702296682110e-02
-1.009502799938869350e-01 6.084096232953676298e-01 4.622373268690027626e-01
-1.231060065008584004e-01 6.495179669224262486e-01 5.752334026705725467e-01
-1.161913957731601638e-01 6.354134762036142137e-01 5.449100780197958516e-01
-1.449422018307508497e-01 6.326188984901621737e-01 4.627345573311701377e-01
-1.226169417088123631e-01 6.173857404886865519e-01 3.703764105464329992e-01
-1.064575628063413604e-01 5.966240239838279669e-01 2.774854134486446355e-01
-9.484217361106773991e-02 5.586660636620215392e-01 1.958780877146908406e-01
-1.130052298088217444e-01 5.307601812883075976e-01 1.697869400125199268e-01
-1.137812849830974887e-01 5.081254347814735395e-01 1.335270206011689997e-01
-1.122204812638928073e-01 5.328857193993227215e-01 1.116471337862489921e-01
-1.258189647084299312e-01 5.343673704901027444e-01 9.487176354232222664e-02
-1.481446083060583285e-01 5.382026651155384922e-01 9.222351108191555180e-02
-1.657106478784921566e-01 5.296405753137617411e-01 6.655978754683419818e-02
-1.484975361567227592e-01 5.171833765968555374e-01 4.548551597559896686e-02
-1.527068653719879376e-01 4.989485364723384442e-01 6.349776505875291688e-02
-1.760067708702494349e-01 4.991585281179734546e-01 2.750186440875409394e-02
-1.814664685585538617e-01 5.086049059482595780e-01 3.742496393037017532e-03
-1.666876365838074747e-01 5.035533668752885106e-01 -4.363220228182744798e-01
-1.599684563949993477e-01 4.981098880909833326e-01 -5.197590362651738349e-01
-1.569925028219853747e-01 4.910072333196802141e-01 -4.754565358466512071e-01
-1.565100537256292057e-01 4.890724702449687489e-01 -3.948160337671675624e-01
-1.471557310388090789e-01 5.030736321372357711e-01 -3.052966755119974063e-01
-1.288682527863449778e-01 4.980703094433722722e-01 -2.112059637383130739e-01
-1.139588385695199102e-01 5.379431281498819883e-01 -1.501598192500606110e-01
-1.200589897082793844e-01 5.437988028729890955e-01 -1.221507781732951714e-01
-1.233169162901596727e-01 5.258661613615609465e-01 -9.780600439494149811e-02
-1.222926904588741287e-01 5.209160465603815959e-01 -7.173834879860316316e-02
-1.352963026405722136e-01 5.168893207284470659e-01 -2.409000923276238826e-02
-1.237374050119007668e-01 5.179388704067194871e-01 -2.580776489982729571e-01
-1.222981927034937077e-01 5.016421931802782508e-01 -3.023172333685491542e-01
-9.048453880751874956e-02 5.183891109851643808e-01 -3.096347649918634315e-01
-7.723534026407573305e-02 5.237270594072809260e-01 -2.815218444073447346e-01
-7.411020733036532970e-02 5.295361806385225911e-01 -2.037159157506413520e-01
-7.459328609313492509e-02 4.960962127549711220e-01 -1.537410921750974324e-01
-8.252604048909646661e-02 4.800118135746657688e-01 -1.125562006464006226e-01
-8.926085228408189853e-02 4.655055866426125455e-01 -9.382016357543127016e-02
-1.081281951976564987e-01 4.727841826454659557e-01 -6.527150568457355806e-02
-9.899396127228848874e-02 4.661444674136340227e-01 -3.947467555318788512e-02
-7.774694344279470259e-02 4.839016266103833841e-01 -3.930908717048933049e-02
-1.140335811492092233e-01 5.935197253144708363e-01 3.225965489341009462e-01
-1.472847669863690534e-01 6.384644959960397159e-01 4.097613577687213571e-01
-1.450494380871966416e-01 6.495710947644215416e-01 3.984526480762262679e-01
-1.627235901333136392e-01 6.300056619877041353e-01 3.436974596557972328e-01
-1.645486937981079922e-01 6.017877222679662852e-01 2.957218315781698914e-01
-1.504732371769436361e-01 6.009329420068673100e-01 2.433332023571782299e-01
-1.678360864996973900e-01 5.778729115670216965e-01 2.012466664931934490e-01
-1.748903960918679057e-01 5.748418698656663217e-01 1.625397569763940842e-01
-1.628565890575707220e-01 5.648318904928956163e-01 1.407144705376355276e-01
-1.754796402440418901e-01 5.380446946765776728e-01 1.334229657763408017e-01
-1.608060455786854970e-01 5.016977148733610115e-01 1.191567955933124229e-01
-1.527954564576489149e-01 4.785139323221079266e-01 9.381424398018128885e-02
-1.556557691771022489e-01 4.744986505718203906e-01 5.856510675352178535e-02
-1.503223731605444202e-01 4.814347804146401621e-01 3.551296278492427350e-02
-1.644258873297538837e-01 4.761703570660628659e-01 4.287548110445747740e-02
-1.534209939386544930e-01 4.902543441938193580e-01 4.643947224443573801e-02
-1.290459983868553484e-01 4.708632719756172813e-01 3.519321778101031778e-02
-1.417011071282938961e-01 4.467010328175797240e-01 4.165861049956692819e-02
-1.302227004898703910e-01 4.306239350166073399e-01 4.730738654127469855e-02
-1.403843501878139499e-01 4.284157807880755175e-01 3.119495055946525097e-02
-7.190534333508614984e-02 2.297950212911118173e-01 -1.776766427917233215e-01
-5.610544797562541652e-02 1.811116124991797305e-01 -2.337225521384934390e-01
-3.092489310952864154e-02 1.746523415956470482e-01 -2.330581630852471553e-01
-1.946443877878942241e-02 1.976271131239188683e-01 -2.246718948630177237e-01
2.006213724962357253e-03 2.149831881247148413e-01 -1.951859199751716512e-01
-2.413844219293844254e-02 2.192922527554007350e-01 -1.646997496257044391e-01
-1.545475853077022885e-02 2.263722265592505722e-01 -1.267002145513716760e-01
-1.997241750100420266e-02 2.255294280691476638e-01 -6.687871646933185588e-02
8.006067479727367597e-03 2.356063237876609706e-01 -4.377074691133327200e-02
4.827415851136709554e-03 2.497724397280055020e-01 -3.978503605827116152e-02
2.819917535523084988e-03 2.509780733679348175e-01 -1.089763769501115101e-02
3.035867648861480944e-02 2.218494101089947268e-01 3.419731889528865310e-01
6.418448047524835665e-02 1.818979579233452881e-01 4.084825321845703683e-01
9.066314113978578282e-02 1.381769257602465384e-01 3.763834808186822256e-01
1.139271646930708898e-01 9.940498513201914688e-02 2.865691884077726792e-01
1.575256642030051779e-01 9.508517793858932421e-02 2.061709687866747631e-01
1.629135024819470534e-01 9.357587971742734045e-02 1.679529117455722531e-01
1.672317735443507869e-01 1.047625386695990451e-01 1.595303976599884432e-01
1.599596676670137496e-01 1.398548335399732445e-01 1.451668613647902339e-01
1.280863919042727062e-01 1.353022752957722952e-01 1.191384385812085250e-01
9.303143461880036824e-02 1.642389675061211585e-01 1.040395596248356452e-01
9.236924249231555362e-02 2.072612320937794184e-01 7.026595580498566640e-02
8.269662024310230064e-02 2.344407474948959624e-01 6.527854975099885160e-02
1.127883913748726485e-01 2.422619942044296204e-01 -6.864505866615577823e-03
1.319771606367181049e-01 2.150615238597857193e-01 2.392349444260019331e-01
1.639694013272908202e-01 1.709205602656699019e-01 3.283345067956310315e-01
1.749292291118648979e-01 1.672301968114735526e-01 3.249693056833677374e-01
1.780733421418089490e-01 1.377981403415938777e-01 2.618584618768932115e-01
1.925604580679838307e-01 9.592302016226678107e-02 2.248734834692702189e-01
2.069877919556154799e-01 8.085853232945391933e-02 1.952879278864842194e-01
2.179275039092469224e-01 1.124475522621098122e-01 2.080396548385088917e-01
2.295043253763024427e-01 1.001652651785184117e-01 2.078118986380882993e-01
2.300520162389815548e-01 1.084286337516652127e-01 2.166959493229961287e-01
2.533923100943839546e-01 1.236136319278805656e-01 1.702242678373221130e-01
2.577005421577353572e-01 1.374463536624218052e-01 1.609783442226664640e-01
2.436735394401458310e-01 1.555698311927734834e-01 1.780814608813134081e-01
2.406600375942507808e-01 1.690209501712416351e-01 1.569161200609067164e-01
2.211384480776665273e-01 1.702852395733878976e-01 1.388283111597536645e-01
1.861905159889286898e-01 1.673814120125755034e-01 1.298506834600621773e-01
1.907283576825348215e-01 1.836290142801787206e-01 1.176264528136493487e-01
1.616867112812881424e-01 1.927108862280915158e-01 9.921169983464575570e-02
1.415859584904515245e-01 2.297191205133941871e-01 8.883286576036897308e-02
1.477464851104604016e-01 2.533090642797504732e-01 6.154789564493352849e-02
1.323627891055249584e-01 2.852316749361683001e-01 1.366642952064483496e-01
1.212044247300051170e-01 2.927939700686098545e-01 1.555466295669775123e-01
1.232896568766143064e-01 2.806736927988087715e-01 1.319141661078769845e-01
1.238108774280308466e-01 2.603304684081638176e-01 1.524612499242659902e-01
1.305876870344459262e-01 2.731518193764129188e-01 1.635249552860371380e-01
1.430010580887206284e-01 2.410973177565300385e-01 1.351457201509912720e-01
1.983221283816421487e-01 2.171058698607485349e-01 1.027651618331074379e-01
2.172192332346752353e-01 2.119827180495357510e-01 9.198725346139773051e-02
2.061160752147368491e-01 2.300574034758658959e-01 1.897515735549097360e-01
2.226607702280764822e-01 2.284841374335386810e-01 2.171570951660596882e-01
2.376705533186005137e-01 2.083877284046550538e-01 2.088417821313245104e-01
2.539300650535236126e-01 1.992591357958707343e-01 1.779507754876421266e-01
2.861801559567607178e-01 1.790875977346685355e-01 1.303667492412030338e-01
2.793450773502816342e-01 2.284503181704096719e-01 1.727154316984174653e-01
3.007772958691912746e-01 2.370961969986667972e-01 1.615641711850688556e-01
2.970055128562240077e-01 2.283387938768305925e-01 1.313693974801204145e-01
2.692816845072074639e-01 2.203754318669944590e-01 1.028583597938114852e-01
2.160655277859470647e-01 2.722503234350230894e-01 1.530603403978692545e-01
2.426704350755458373e-01 2.475358525980128344e-01 1.201837004791057595e-01
2.617376153857155496e-01 2.135534886568184465e-01 8.713608385873973516e-02
1.813972936172438266e-01 2.997790995333790010e-01 3.186954810793752868e-01
1.992464313663931952e-01 2.588441495522836866e-01 3.225629077481503848e-01
2.052501021951576854e-01 2.481719452789119262e-01 2.881573485769814980e-01
2.298443356607089705e-01 2.483786745057897094e-01 2.466289392014898441e-01
2.517894023175600293e-01 2.530467604874017118e-01 2.063930760238791295e-01
2.578861993921898188e-01 2.401077486065867350e-01 1.702617415008554069e-01
2.760902715385376571e-01 1.889846189615979333e-01 1.058107330304496607e-01
2.390708782809254362e-01 2.737778362927027476e-01 2.704137261739539277e-01
2.390483465983059275e-01 2.905250096097789503e-01 3.005665660184251853e-01
2.541547029997718310e-01 2.808962881575967074e-01 2.690429454702832901e-01
2.638929863393128517e-01 2.784916209571507983e-01 2.293582664514940694e-01
2.581973139828680486e-01 2.446989455223080867e-01 1.795266338801071448e-01
2.709556513019431567e-01 2.106506027994496377e-01 8.232013719814780528e-02
2.552929580858994130e-01 2.362188365435662907e-01 -2.455285659069213200e-02
2.405253998088185130e-01 1.925389828519085411e-01 3.306532414400302766e-01
2.402580241584318932e-01 1.647730250490258841e-01 3.832664615809435738e-01
2.262859423925880353e-01 1.627134005942404149e-01 3.572906360089490030e-01
2.381001491850629204e-01 1.621505653242611422e-01 2.886380733368666407e-01
2.677196283121006659e-01 1.516436200299565162e-01 2.269969742784092581e-01
3.001652144922712373e-01 1.454388958064012360e-01 1.818044707104961022e-01
2.976507208994048082e-01 1.562528332656850372e-01 1.926153285742110977e-01
2.923167472049038595e-01 1.632104240261854911e-01 1.843203430490335526e-01
2.874339361571257578e-01 1.741139949671657028e-01 1.701640705161092393e-01
2.799254785980687110e-01 1.685409794695152397e-01 1.762476408714639398e-01
2.742981046508344289e-01 1.567564338910870103e-01 1.722757821411242396e-01
2.886761570186968662e-01 1.630625634123779033e-01 1.531130412227818816e-01
2.729736232574982990e-01 1.988262798547970056e-01 1.295780537316168490e-01
2.331342410098545259e-01 2.709361070734744859e-01 1.187346393306773079e-01
2.377886293221594394e-01 2.696128189840613087e-01 8.659022551855755090e-02
2.419722425514293507e-01 2.707120019187451154e-01 1.039715004883139116e-01
2.363653534460339045e-01 2.511086875969201215e-01 1.083660919104506293e-01
2.260496510356353739e-01 2.173732319946827252e-01 1.041665853653608725e-01
2.160098077319876353e-01 2.028913847217904409e-01 9.734906318878279452e-02
1.906280267022389951e-01 2.177694719685249747e-01 1.642159453524774937e-01
1.808878442481204607e-01 1.892184176028708642e-01 1.248156108793367636e-01
1.764462940316844364e-01 1.800810556181526301e-01 1.064565191377920966e-01
1.722970199037930361e-01 1.912920993979151385e-01 1.098280468384007363e-01
1.783243495321256145e-01 1.916442733280083743e-01 1.326793807180011719e-01
1.922419486688219104e-01 1.874043071073020483e-01 1.227077688796714278e-01
1.964814925276510138e-01 1.958974713218228914e-01 1.007315030729141192e-01
1.859888413749935521e-01 2.427505728883005698e-01 1.223615400927544616e-01
2.087547604892413811e-01 2.350565189511482633e-01 8.496268419306229891e-02
1.951344766353030891e-01 2.706751072294175109e-01 9.917938468327305856e-02
1.991372884729387671e-01 2.722138681976584151e-01 6.377321217666445663e-02
1.822018285638368484e-01 3.257871415388345349e-01 1.188460722668524955e-01
1.807460472898344828e-01 3.563247859745298229e-01 1.521422434386860423e-01
1.668517100916595552e-01 3.597353863657211659e-01 1.690393740968119118e-01
1.868883470495880661e-01 3.351502371959729221e-01 1.656088757312919879e-01
2.290140075359654026e-01 3.213926613590017967e-01 1.743046199593600853e-01
2.437652438895422380e-01 3.084433346495039086e-01 1.689882658747706434e-01
2.865829268120013151e-01 3.242150962527970415e-01 1.477864495429190850e-01
3.056223271438194278e-01 3.123936915611001952e-01 1.445175764170454069e-01
3.341932486728760310e-01 2.880671497275613113e-01 1.107232961300418234e-01
3.449527658078400116e-01 2.803905659727143340e-01 9.168996474792212581e-02
3.080670077646686100e-01 3.311702689422134638e-01 2.219511653534419759e-01
2.886873752814629324e-01 3.416910155344647926e-01 2.543431036940805301e-01
2.984038014674670336e-01 3.490517511029702646e-01 2.439575132845588912e-01
2.868813374323690435e-01 3.532661513679175025e-01 2.302565107971897285e-01
2.443211061901715553e-01 3.299880588274382576e-01 1.843604613033204831e-01
2.333314379240745418e-01 3.311220078708187464e-01 1.582435878926191641e-01
2.321709575885510246e-01 3.329777560429484917e-01 1.694737460084377867e-01
2.306173867611367168e-01 3.193038177244592601e-01 1.693390978583402262e-01
2.484647886837678954e-01 2.947983359054053287e-01 1.588247140117445833e-01
2.964237238325607149e-01 2.947844824718552359e-01 1.299490383741075672e-01
3.092940477754955730e-01 2.696528300921863797e-01 1.116758098483418699e-01
3.034417207266571492e-01 2.411379073922158001e-01 9.601427461232393823e-02
2.785814183653406717e-01 3.174180296675236379e-01 2.292790042100566472e-01
2.747626355504260154e-01 3.309260291629037565e-01 2.741683237272287688e-01
2.782845105166284472e-01 3.262998353944062124e-01 2.880835083403760488e-01
3.033400462329479130e-01 3.271634845140409809e-01 2.357390048883771239e-01
3.013013927018633464e-01 3.173153355665273012e-01 2.100923527957926362e-01
3.054380985905925106e-01 2.894989056630009605e-01 1.929422549230304373e-01
3.046246632596514847e-01 2.776389241726208712e-01 1.645791503936185063e-01
3.470832019305976623e-01 2.305704587003870321e-01 1.073411595697036369e-01
2.988701169104452382e-01 2.905007555240744499e-01 2.427167228165447443e-01
2.891560480739351902e-01 2.825082410209694972e-01 2.755071144563230323e-01
2.703924450850734851e-01 2.658793135905288540e-01 2.438139920110907466e-01
2.716034052769387697e-01 2.493785886971369437e-01 2.062574585665505889e-01
2.659469252834040232e-01 1.995439018693964395e-01 1.759065728169572629e-01
2.692372074370614765e-01 1.702245075475712910e-01 1.416001561458587188e-01
2.672818112420189407e-01 1.809823259196662315e-01 1.331336204689295977e-01
2.472684363162666321e-01 2.257650015649640685e-01 1.527141547420678702e-01
2.525716822608528589e-01 2.288520335399869265e-01 1.375141907815400077e-01
2.472129700789778284e-01 1.948357976227270139e-01 1.022358686248761028e-01
2.200794834681179257e-01 2.415166752687324114e-01 2.001949012911134473e-01
1.998737859274627993e-01 2.587618216937899729e-01 1.876306243494839932e-01
2.155339601413235329e-01 2.528056864814769988e-01 1.697230419687523750e-01
2.298412353374492678e-01 2.225664083307578589e-01 1.414758005086704518e-01
2.605208501381272024e-01 2.097812955597033735e-01 1.090991373952497068e-01
2.403428700094875914e-01 2.481740496222515080e-01 1.662090638110983176e-01
2.579867219430297953e-01 2.388406330442884862e-01 1.434769435929918735e-01
2.729844887446808421e-01 2.030178762249050806e-01 1.135031292837110073e-01
2.297784491597012480e-01 2.041076130905417341e-01 2.048133948214258537e-01
2.317833692078155039e-01 1.831914285602041503e-01 2.254950551324118313e-01
2.631251740698742347e-01 1.607088241342585766e-01 2.127718842629026941e-01
2.944711616098919515e-01 1.241818221491408636e-01 1.642131883417919380e-01
3.053403365985154494e-01 1.503166723560011853e-01 1.591643484417416265e-01
2.849345541652099634e-01 2.037408542852883198e-01 1.581920379982642011e-01
2.450092997084364899e-01 2.220671879280941008e-01 1.812787239848023257e-01
2.408908306832752699e-01 2.119300211834578007e-01 1.346344443873981611e-01
2.381742883856918791e-01 2.036948895007716920e-01 9.146780923617031656e-02
1.967475853210635672e-01 2.450540797418551686e-01 2.459690541804201991e-01
1.786009408916599817e-01 2.602738311274526706e-01 2.787496701870589844e-01
1.603895488744755959e-01 2.614721992369327674e-01 2.580127981627651779e-01
1.455159939462572494e-01 2.416693480040523756e-01 2.359174500333671431e-01
1.411491892699638928e-01 2.541017255133145580e-01 2.163895342595696936e-01
1.444604865357333179e-01 2.407281767624145641e-01 1.806784871788031932e-01
1.357606686324638046e-01 2.173797406950709332e-01 1.419030681250922632e-01
1.409879069330100820e-01 1.729947178174115474e-01 1.049768648208550675e-01
1.290406781250167945e-01 1.711441356086964849e-01 1.119883942437732011e-01
1.020021019309632626e-01 1.814402216398580403e-01 1.214954116980063725e-01
9.824123258475563059e-02 1.644009734469372153e-01 1.022863044152025058e-01
8.809782890672371303e-02 1.671976384061905352e-01 1.084847781090977070e-01
9.695369871421846697e-02 1.682809940272623483e-01 8.570710273235111754e-02
7.853628045911484334e-02 1.897374909010813016e-01 7.903452553578127482e-02
9.267974304072990055e-02 2.274284263854767507e-01 4.150897450123683385e-02
8.318947556287577261e-02 3.184660506183984996e-01 1.153839473656601694e-01
1.022147545047583095e-01 3.431134665889724600e-01 1.372686022425090580e-01
1.209473651936545102e-01 3.781503417289550639e-01 1.455749091600880840e-01
1.260697456914554593e-01 3.828216753676669803e-01 1.342857887923321059e-01
1.390912617171904953e-01 4.069168714151273347e-01 1.061760459213647173e-01
1.321597954757493809e-01 4.175494530270491000e-01 9.843971089255816598e-02
1.326637863818899421e-01 4.068071517737084086e-01 1.021657889324212171e-01
1.272218569877525407e-01 3.855975475239717953e-01 1.234270328792136939e-01
1.414232201961457824e-01 3.655530160561055175e-01 1.500682140727737923e-01
1.330175594135208639e-01 3.528289354033553038e-01 1.614851633776788198e-01
1.254481198662733554e-01 3.812403409368121388e-01 1.606556766754567434e-01
1.288489137347640090e-01 4.103062019116103798e-01 1.475720278504826233e-01
1.328012272708130048e-01 2.793773284793497624e-01 4.718412405469622761e-02
1.425590850775509399e-01 2.326924032869476799e-01 4.517606419429262554e-03
1.407521971539743011e-01 2.262609379756987948e-01 -9.652838138617712838e-02
1.488618511980980275e-01 2.116337614853592564e-01 -9.157502981371071216e-02
1.669749900299886680e-01 2.236603776863482218e-01 -5.868374941032655084e-02
1.524358368681590359e-01 2.252248733534943925e-01 -4.342059319578436827e-02
1.411104270028127328e-01 2.030961890137048531e-01 -5.021578881793172661e-02
1.711672286252034492e-01 1.979470922829202062e-01 -8.408734246835458670e-02
1.781031631309752394e-01 1.931518066028786729e-01 -7.330871157221058310e-02
1.918636003686954306e-01 1.933330334457661892e-01 -5.110378532581114075e-02
2.094005253847993908e-01 1.888669808041614218e-01 -2.856229982349193369e-02
2.249151734082843745e-01 1.287341931625086699e-01 3.557696267392324585e-01
2.296266835807038165e-01 1.163837033394438947e-01 4.449553505048515212e-01
2.031795124276990216e-01 1.137123496658801886e-01 4.379729964430851830e-01
2.006771371171525986e-01 1.296772339527978712e-01 3.735977262526375409e-01
2.200688417361735261e-01 1.387716439116933598e-01 2.957677318413368672e-01
2.220744259295404088e-01 1.798709034867876921e-01 2.341441736242713123e-01
2.186565238982226544e-01 1.739599418593824887e-01 1.854617423798438636e-01
2.071283935364970907e-01 1.362953959471748799e-01 1.352095920119776307e-01
1.968877305284096046e-01 1.511522702337119717e-01 1.419935394857635702e-01
1.825643437028363902e-01 1.519090359181578531e-01 1.383460608945661363e-01
1.908933074670945140e-01 1.476834101252870457e-01 1.377829513132345640e-01
1.843018975996085773e-01 1.408398744721324203e-01 1.544822850612656562e-01
1.681373849172752566e-01 1.396277244551300534e-01 1.439656227684524559e-01
1.854762446040381096e-01 1.750609659244471705e-01 1.470405214325531396e-01
2.064515138348475554e-01 1.879399050834611173e-01 9.037748929638569906e-02
1.852308927506196301e-01 2.512485031829284621e-01 2.558179892822562973e-01
1.975655465513233844e-01 2.747301292212408486e-01 2.910537295868811380e-01
2.039541208361167757e-01 2.835147781386673782e-01 2.982129876027134752e-01
2.193289472877028023e-01 2.811471911665280321e-01 2.711831778863594833e-01
2.347361018216072293e-01 2.581763086776754923e-01 2.400705152972526513e-01
2.388722950950765422e-01 2.455110647631897625e-01 2.101912500414286067e-01
2.301721042312766530e-01 2.364127643865476525e-01 1.865540520246490863e-01
2.331321584896314247e-01 2.189447045846311668e-01 1.747743149831297027e-01
2.445198080659971018e-01 1.782640679197691203e-01 1.432515959415887608e-01
2.090784002991208368e-01 1.864105590744345453e-01 1.336117879285246279e-01
1.984612476347276944e-01 2.227797781620227680e-01 1.151519984876679809e-01
2.076855041501206034e-01 2.147734903776183368e-01 1.073439529425898042e-01
2.141953279820657252e-01 2.371918431822331030e-01 1.064328578208438986e-01
1.976631413460676334e-01 2.309877347620441501e-01 6.904948196827684348e-02
1.861623462146460017e-01 2.810119323797453661e-01 1.778329902306780702e-02
1.805687491811224232e-01 3.525146639128407533e-01 -1.714996489445001493e-01
1.531839141157239625e-01 3.924547716076490778e-01 -1.881126811226440099e-01
1.429049756074329547e-01 4.063437925526399153e-01 -1.795714917661368759e-01
1.400331133444521481e-01 4.111383387134910361e-01 -1.479395511330584001e-01
1.358220122525836959e-01 4.376976395542704346e-01 -1.235161513567830521e-01
1.454467951233209821e-01 4.418720189950069432e-01 -9.394875836514339495e-02
1.772589468552315251e-01 4.329799855191722169e-01 -6.497461431834679335e-02
1.908291436216759118e-01 4.138288146747631235e-01 -5.953412949836636020e-02
2.030149471228915314e-01 3.941481501669968912e-01 -3.566226328977693122e-02
1.956554581786619784e-01 3.887635361830057978e-01 -7.175890144289875927e-03
2.099661596029686883e-01 3.404506877069917170e-01 5.509839909493344789e-01
2.388766251517393246e-01 3.318566332295077581e-01 6.594571244151201661e-01
2.393583578810384027e-01 3.287187135389681436e-01 6.032757370538242014e-01
2.409139588321077274e-01 3.313709039601775985e-01 4.797994132201045536e-01
2.458775455626734108e-01 3.217263941038999153e-01 3.843602878543137535e-01
2.652137353884180260e-01 2.980902269440585672e-01 3.041947462942288238e-01
2.723555542349073155e-01 2.595670690824670723e-01 2.476209216018873394e-01
2.691699660144934447e-01 2.226766907581992916e-01 2.073583932137166574e-01
2.596439562118980082e-01 2.030725421332509051e-01 1.452341919999040054e-01
2.688753241123016946e-01 1.910952659469816461e-01 1.018802866271838470e-01
2.297138941148515745e-01 2.845579979223353262e-01 2.715073238351564111e-01
2.386557369227327308e-01 2.988640232615028536e-01 3.156415485217827777e-01
2.279924375424610405e-01 2.465467497426199195e-01 3.106261405259090336e-01
2.369687523895544490e-01 2.312369747945999809e-01 2.801165716608997047e-01
2.505638041087657197e-01 2.124513561760830171e-01 2.251393181092218310e-01
2.637184383101747187e-01 1.783050503035757128e-01 1.758954766830977956e-01
2.893390943096623147e-01 1.431671786414985270e-01 1.621938222353364600e-01
2.933596822503091173e-01 1.810457773504580703e-01 1.726538188223000203e-01
3.159372362275919555e-01 2.056866243570059094e-01 1.682786840542200291e-01
3.369799997064578112e-01 1.852913804339016701e-01 1.842593457413918279e-01
3.227549986316515795e-01 1.687221387674841533e-01 1.928816870218433843e-01
3.124703122340086736e-01 1.622229957135067069e-01 1.666544965806838197e-01
2.968377663463055427e-01 1.950576891005883773e-01 1.607175801222331668e-01
3.170448875512117959e-01 2.055600222913370190e-01 1.373057639171227640e-01
3.109959930521724591e-01 2.151122981840524750e-01 1.497604634503473253e-01
3.122283355963000329e-01 2.273582564440127796e-01 1.732132787897931736e-01
3.055808127593260259e-01 2.336765387277222050e-01 1.292266784194246454e-01
3.051571696303725933e-01 2.147382090475677130e-01 1.117334713590091150e-01
2.885535430382705213e-01 2.620766353468517718e-01 2.150441803709636779e-01
2.546449715561731053e-01 2.593716404515440943e-01 2.197878189814582994e-01
2.392577029072039674e-01 2.611795258239336670e-01 1.962831076331844338e-01
2.417151956096736387e-01 2.611285862535893121e-01 1.713472654688341090e-01
2.528934800804710226e-01 2.581296513780749202e-01 1.451876408706917476e-01
2.741641159669927497e-01 2.228448879413783001e-01 9.608727682333173536e-02
2.279296831450593752e-01 2.714493034528908111e-01 2.133709984516440894e-01
2.243975831445947644e-01 2.825085203896023911e-01 2.467727969452798154e-01
2.392837254448625661e-01 2.719716244533606497e-01 2.366234665863601594e-01
2.325311595859769209e-01 2.714359414142024640e-01 1.923187386708136992e-01
2.426493857831240886e-01 2.834692973243694292e-01 1.829546081245709277e-01
2.486092337134133967e-01 2.681509912179144695e-01 1.624107102850858575e-01
2.691084151379543599e-01 2.278541651571700799e-01 9.289720447362991018e-02
2.340084252939121368e-01 2.872312126672254551e-01 2.200461088532832954e-01
2.059774547620987495e-01 3.035345087440376455e-01 2.687984453392089912e-01
2.190080020197092137e-01 2.875904130305839690e-01 2.211766757761275959e-01
2.294622840009636622e-01 2.883515642584574268e-01 1.832421374144309056e-01
2.572123109452008616e-01 3.046067173109247017e-01 1.517241596570763906e-01
2.684131717710090959e-01 3.039090266566456533e-01 1.589784775229742264e-01
2.513555158561213698e-01 2.796183155111925944e-01 1.590728594479833558e-01
2.666518765917982314e-01 2.353732940071621427e-01 1.046585021011565420e-01
2.673656643697570612e-01 2.479508037666541820e-01 1.318999923878488856e-01
2.718929223794026573e-01 2.501689644488217512e-01 1.192776551461371959e-01
2.708085945325323651e-01 2.365866372676490859e-01 1.055484265856362625e-01
2.615189828512573533e-01 2.415846510629011401e-01 1.447646393732934245e-01
2.575046238766950379e-01 2.329076298275453982e-01 1.327560640931871039e-01
2.682923223532703294e-01 2.286310116149374017e-01 1.037555925072378427e-01
2.419919201540925435e-01 2.817347998526369413e-01 1.516875923704917306e-01
2.551364161256650109e-01 2.784202945533749141e-01 1.124271321997484530e-01
2.531680759899744837e-01 2.673604416218469115e-01 6.389664382898971318e-02
2.632675456052035456e-01 3.048190724345782310e-01 1.349489222497414487e-02
2.793990824033338316e-01 3.326085829826648799e-01 -1.480673121496405842e-01
2.973757873868205781e-01 3.083472563116732568e-01 -1.975920511076574848e-01
2.953182039363139166e-01 2.945636992891459971e-01 -1.927561872502694951e-01
2.942698523489025719e-01 2.799918440036036626e-01 -1.456935655378324146e-01
3.087407681112734892e-01 2.515799628716334779e-01 -8.622993751275018215e-02
2.915475838413602028e-01 2.200615047221041454e-01 -3.730123478753821081e-02
2.603220958925763218e-01 2.031139869448820301e-01 -1.411372567478006226e-02
2.830767241788177402e-01 1.696599032871668744e-01 3.345650763891289126e-01
3.157241809676241684e-01 1.491732513954243944e-01 4.178570681267545495e-01
3.165121826510273739e-01 1.290812033194080055e-01 3.652216360123483052e-01
3.241962995248249269e-01 1.214590966223318830e-01 2.908349170131017680e-01
3.271035915052538101e-01 1.423180262611496716e-01 2.266296267509962381e-01
3.340047056996827690e-01 1.648029307318720771e-01 1.686332662549795691e-01
3.321376688673159383e-01 2.078768686845387792e-01 1.480501290319420071e-01
3.394202229162724405e-01 2.450862183381551374e-01 1.276124607553678625e-01
3.220254933882990556e-01 2.875890248578278352e-01 1.365163531344094350e-01
3.425060034526203334e-01 2.800403411780213458e-01 1.063398963903815497e-01
3.454106135516834541e-01 3.070442421119658483e-01 1.514784189813649928e-01
3.716724226605500059e-01 2.828445412272032611e-01 1.442209786737483346e-01
3.775084756255726037e-01 2.964281167922867555e-01 1.167725313978603130e-01
3.551240267278913953e-01 3.069936186532744582e-01 1.040967520979551031e-01
3.294209745974309156e-01 3.197917015264212792e-01 1.181520441664050541e-01
3.224052825659557975e-01 2.851165907701845859e-01 9.651917535102209900e-02
3.139422656004163814e-01 2.970869622603513061e-01 1.406526836623784305e-01
3.067928917032420877e-01 2.749507541399889843e-01 1.166699893434730573e-01
3.172235663511779324e-01 2.788680644106510953e-01 9.449946057799099575e-02
2.931169728052837042e-01 3.089564207758922487e-01 1.297334416064190865e-01
3.098605448801360351e-01 2.995283017789547864e-01 8.467334933345406489e-02
2.786235879248735725e-01 3.456706381125559946e-01 1.215972891094819763e-01
2.863154417192441681e-01 3.043287086788644680e-01 7.332774810792802578e-02
2.616672091965122071e-01 3.252059300374939843e-01 1.602088048405104215e-01
2.590008612711661162e-01 3.299294937465205857e-01 2.002999464135692131e-01
2.494306204354757306e-01 3.246639516905482914e-01 2.034562003234948180e-01
2.395310379142291946e-01 3.137650545431965310e-01 1.876559807953718240e-01
2.208554701341706172e-01 2.895844719738048800e-01 1.724644559987569270e-01
1.980227344163946746e-01 2.751498802825143586e-01 1.711928720212470001e-01
1.972624189941759032e-01 2.577996336562041191e-01 1.505986335685177147e-01
2.562272129377648477e-01 2.013776721132545799e-01 9.376881160583788732e-02
2.258617719036108973e-01 2.951496767191183479e-01 2.798007264441803033e-01
2.291705849825950714e-01 3.287208439145992145e-01 3.308140766754193995e-01
3.015639733700998248e-01 1.045928894212203308e-01 1.314668503706070413e-01
2.521746402605825610e-01 1.648131602359710624e-01 3.809948926132568081e-01
2.198852026225546208e-01 1.840607728263311538e-01 4.390583341057440192e-01
2.317221422293604394e-01 1.816281952809901679e-01 3.978389566635512908e-01
2.425220831453761550e-01 1.584830217413667475e-01 3.454798735997582360e-01
2.260361730472372765e-01 1.273959808219083389e-01 2.540352653778411574e-01
2.486463267576663194e-01 9.296184368812071552e-02 1.827076351325711001e-01
2.483065018321466144e-01 1.044990837681063212e-01 1.635419052900303760e-01
2.243325413345529651e-01 1.353145796290821934e-01 1.708233538537402285e-01
2.327434325484251110e-01 1.692875938880608611e-01 1.558218463552205335e-01
2.235005678055676792e-01 1.762582111163624732e-01 1.303987987062424914e-01
2.279093204765784975e-01 1.948371823451442442e-01 1.432278168151648323e-01
2.254745746907991788e-01 1.590275079832013938e-01 1.287544981857892124e-01
2.289970466703825092e-01 1.642983228787765204e-01 1.276116169307510706e-01
2.222332980062079189e-01 1.711619601393358225e-01 1.866660785226307295e-01
1.998582814093648463e-01 1.596289865433485611e-01 1.905336287961992003e-01
1.998664373230094049e-01 1.408752985869223262e-01 1.608429279262297840e-01
2.139372607648565017e-01 1.397382630408945670e-01 1.281188888250627267e-01
2.279792839652408365e-01 1.764236036546646957e-01 1.473181879243811443e-01
2.174579785345220340e-01 1.924019849415259942e-01 1.308553537646197640e-01
2.230512630596114820e-01 2.097420452936082924e-01 1.226079438226115315e-01
2.234773928055439063e-01 2.350749958882821511e-01 1.256526226657764811e-01
2.162856737849368771e-01 2.881186866911109035e-01 1.016426491954229017e-01
2.329025498148672435e-01 3.078806768118404480e-01 6.753246403947749110e-02
2.450555687484268774e-01 3.333805780061537827e-01 5.778914975629671769e-02
2.247294754659264482e-01 3.680814943738862643e-01 6.947802824510938835e-02
2.381511588375921917e-01 3.555198223208103081e-01 -3.555215459011393242e-02
2.318598241798908721e-01 3.460997088053993642e-01 -9.709657579560357354e-02
2.263974600975535156e-01 3.526794483290780491e-01 -1.032719684305490465e-01
2.193104358145984978e-01 3.633817322282663631e-01 -8.533223578869790493e-02
2.185661322238942050e-01 3.878702941130030557e-01 -4.771895764741503759e-02
2.231871701879883096e-01 4.166166376999175247e-01 -2.140641499108397738e-02
2.284900257326721307e-01 4.191987648653586751e-01 -2.055935364552924707e-02
2.269417544485316240e-01 4.126381587433270437e-01 -3.869958934195514427e-02
2.064473167485068872e-01 3.916984556557362995e-01 -5.772863640516594230e-02
2.092095501188637185e-01 3.995559885034927761e-01 -5.299014008212809407e-02
1.969811518551156104e-01 4.084479966416226793e-01 -5.279831538025018395e-02
1.666267854839383888e-01 4.155500362935579672e-01 -3.654594327009305643e-02
1.478866536074015248e-01 3.944443304375248593e-01 -3.915587231198280893e-02
1.291694210645198959e-01 3.800902916616853422e-01 -1.549126771608620376e-02
1.028875443873108475e-01 3.667229492194001295e-01 6.657930015347139630e-03
9.046877921777427001e-02 3.456823238696193901e-01 2.055422593334718662e-01
6.806380559848364264e-02 2.806071214279153292e-01 2.526095368803393804e-01
4.511853747506615331e-02 2.578740686371309154e-01 2.552839972026587079e-01
3.657111861816739889e-02 2.524892216068876372e-01 2.378620662598052993e-01
5.879218428478909242e-02 2.455467630756022757e-01 2.225565345365215220e-01
8.083076290225581217e-02 2.497097516904119852e-01 1.943009628235402853e-01
7.060420159447877708e-02 2.335731493991468344e-01 1.665464987998924729e-01
8.255466054548388222e-02 2.407101744606545135e-01 1.440468852959163326e-01
9.095633609765960137e-02 2.583560155071833453e-01 1.215264941119860442e-01
1.528509033587079347e-01 2.641481860828885364e-01 1.250080347334090181e-01
1.950349432721120435e-01 2.165667870110614124e-01 7.327424574135110724e-02
2.064135488137222862e-01 2.466536250126741270e-01 -3.142135582076002742e-03
2.113253434640734452e-01 2.362653149571714850e-01 1.408640930017202586e-01
2.254424648974004686e-01 2.080399152454761591e-01 1.665562885913323410e-01
2.486288401930059344e-01 1.826672692232560180e-01 1.543355130915687323e-01
2.552962261569786673e-01 1.854974586796786784e-01 1.686167240389320199e-01
2.476594116699617210e-01 1.707577878170004892e-01 1.720422126538290464e-01
2.405729347598933587e-01 1.778045943823652608e-01 1.469661334324535995e-01
2.260361238815810914e-01 1.599194533328848478e-01 1.103432730914467308e-01
2.104372783985147266e-01 2.212669614965984688e-01 2.440591089025005989e-01
1.830666072942717937e-01 2.380331072385608315e-01 2.729396218809101993e-01
1.756684626207444810e-01 2.283733718778808708e-01 2.373781795901169778e-01
1.333383660280783589e-01 2.173081624033217918e-01 2.144133328566943941e-01
1.282410964746868720e-01 1.927769027878548369e-01 1.832934760855107204e-01
1.352472612552080289e-01 1.892069439901394867e-01 1.747903389135753993e-01
1.592971377212067663e-01 1.678688173116903437e-01 1.778730545243132899e-01
1.971957171061962111e-01 1.348682675868498049e-01 1.028054605334554200e-01
1.269973669938259664e-01 2.216662376622638708e-01 3.172724129695366768e-01
1.350424359715355904e-01 2.685339137651859276e-01 3.596845388025483037e-01
1.779118320781447604e-01 1.216842112939365284e-01 2.129506993933296399e-01
2.162327039794371686e-01 7.595122441708759831e-02 1.347778642585450160e-01
1.880560886426013434e-01 1.074676391679842691e-01 1.933097904773925513e-01
1.975250314651983141e-01 1.191133609988934139e-01 1.840098799158021436e-01
1.945753069793532408e-01 1.207485452391033054e-01 1.643906651622639714e-01
2.149811288585175284e-01 1.358584294237855927e-01 1.418081534651152442e-01
1.946676574078709254e-01 1.599982738841816965e-01 1.540989810949226491e-01
2.076082889758694705e-01 1.654637376926925696e-01 1.211468445835233443e-01
1.894174659524236748e-01 1.826247440179817327e-01 1.592833414497150657e-01
1.873191164888875770e-01 1.864265700006308979e-01 1.507182779347447377e-01
2.048787162067068346e-01 1.709957515113454674e-01 1.465710647065048555e-01
2.245881113772179305e-01 1.763595497958320713e-01 1.349559045988084627e-01
1.943183017654774025e-01 1.859464766163210769e-01 1.092842719764609560e-01
1.584456188525077136e-01 2.103768871575835697e-01 1.212685148451579514e-01
1.441071879616989682e-01 2.103511238615746182e-01 7.981893671468667795e-02
1.389503962324138697e-01 2.637017787146981318e-01 1.049874474873899732e-01
1.441614825354798624e-01 2.614828751539796103e-01 9.743003512513431774e-02
1.562977119181193086e-01 2.483578437736887745e-01 5.180954259437847015e-02
1.538806097305057130e-01 2.655348558419260985e-01 8.405309985735313905e-02
1.591150690988025473e-01 2.389152561335374236e-01 4.570670649913952110e-02
1.390865635749539142e-01 2.698106208285080965e-01 1.282640202053191569e-01
1.409417458960385838e-01 2.505640969019939379e-01 7.881056899141569705e-02
1.473745752157908095e-01 2.439728640895534040e-01 2.879410222240572775e-02
1.331940624265011142e-01 3.148429028948543928e-01 1.546124124968637770e-01
1.505732813943635451e-01 3.429578217873580082e-01 1.922218518725309078e-01
1.526253131101773242e-01 3.636098159754393988e-01 1.850741452857169456e-01
1.437316678200256659e-01 3.461080376016081317e-01 1.505649426361056475e-01
1.459336088497773798e-01 3.246526260218459692e-01 1.255028119415745047e-01
1.691173832843897717e-01 3.015030291602019408e-01 1.218126057993793032e-01
1.672884716605424482e-01 2.970980684760272106e-01 1.323097721389148440e-01
1.703719569117376487e-01 2.895331289902130512e-01 1.282475366244789916e-01
1.566184943154247666e-01 2.801595607665730014e-01 1.426808233871099674e-01
1.950174256962808328e-01 2.439985740066961117e-01 1.534820445549091861e-01
2.319468197201377813e-01 1.952612919524326363e-01 1.154281639093467648e-01
2.484580189311960674e-01 1.917697213259997313e-01 1.240483586380123487e-01
2.214727666475161394e-01 2.206881858648072348e-01 1.266139444533355418e-01
2.141623317458963838e-01 2.189647559754694106e-01 1.119543726261582051e-01
2.087538644814231070e-01 2.354043834316440209e-01 8.916951387020048692e-02
2.090229380233528944e-01 2.518551506661361183e-01 9.834640566937448425e-02
2.027298999415527436e-01 2.400941131780700288e-01 7.469056884539956864e-02
1.669977625281598987e-01 3.049625412362267918e-01 1.820731867042648666e-01
1.707926519057385573e-01 3.302746001631443051e-01 2.387250925952525138e-01
1.633171715487731213e-01 3.401031203438126260e-01 2.123661516199468191e-01
1.671869502989423995e-01 3.238942227921974282e-01 1.969187237689268288e-01
1.729980878385615206e-01 2.899703494546320703e-01 1.614818351285967624e-01
1.733706023936903151e-01 2.674790579394713541e-01 1.285059063311630723e-01
1.883253003333864306e-01 2.369693104716243670e-01 4.359893534512798707e-02
1.706603043248025031e-01 3.156222570601812105e-01 8.641693402181091499e-02
1.777495054096701887e-01 3.264683534612620730e-01 8.131152852578950319e-02
1.862316728641035812e-01 3.071652448752057452e-01 4.112411932038290141e-03
1.760747496927158040e-01 2.764827000643964583e-01 1.007863677392311919e-01
1.835047525183569062e-01 2.544521988385094469e-01 8.580092839744236921e-02
1.836292228557699358e-01 2.436119428521874020e-01 5.168875440627985346e-02
1.891773487843761425e-01 2.920123778253806424e-01 9.300208743609332529e-02
2.302100744795263498e-01 2.835273799626144564e-01 8.431229378069751701e-02
2.188965320927493408e-01 2.572827968568223711e-01 7.732823281125472681e-02
1.909973213392049673e-01 2.928829464639473024e-01 1.255978667573209584e-01
1.973342393306841136e-01 2.628953700432401508e-01 7.576762708698474291e-02
1.724812356317504958e-01 2.871982389181954032e-01 8.187716923600041330e-02
1.782848740232461093e-01 2.662209990858925290e-01 6.019783235826418888e-02
1.963036317986513457e-01 2.799640100463576253e-01 1.589024748118818969e-02
1.885373036779326161e-01 3.054158764328553932e-01 -1.236428420309333975e-01
1.873767162507337103e-01 3.058286083531555066e-01 -1.532023249617267824e-01
2.163502921107073873e-01 3.207415985839452421e-01 -1.445694746063164171e-01
2.307448953351812770e-01 3.181823364642550889e-01 -1.107991303767145996e-01
2.298491054848873505e-01 3.187396973605535200e-01 -8.040798595540185612e-02
2.286372462321796806e-01 3.180242737624362492e-01 -3.894722623397452177e-02
2.272443512742274574e-01 3.272900356483662287e-01 -5.036743525858541903e-02
2.323450066405609582e-01 3.318465686423384131e-01 -5.055141346590105722e-02
2.437678610189181194e-01 3.185774879470180676e-01 -4.499968470189156383e-02
2.408140976560661783e-01 3.102714957554321695e-01 -2.117166665264208492e-03
2.292440626018685812e-01 2.771519180511815561e-01 3.186494444525667102e-01
2.137685332497667179e-01 2.474082010770540796e-01 3.978530871277629610e-01
2.161760417122523537e-01 1.584933393322443540e-01 3.259983743338036311e-01
2.286106845375358576e-01 1.020248753857379981e-01 2.530218996235413242e-01
2.400394537619725821e-01 9.829568081068892904e-02 2.066155233106265199e-01
2.291427225708419502e-01 1.123072958731719667e-01 1.921067688822073738e-01
2.391780567323275319e-01 1.539162405678297652e-01 1.767318896962639663e-01
2.383706004230096154e-01 1.814154995930656877e-01 1.638789574162546336e-01
2.048249139914065653e-01 2.050202876376428507e-01 1.690617691407996503e-01
1.974767750212205741e-01 2.032440750974485455e-01 1.098691741527702270e-01
2.183626807351522203e-01 2.181418725583010310e-01 5.968420533861395344e-02
2.116044829722098786e-01 2.721441401388502435e-01 1.397034212401815634e-01
2.172298450948828008e-01 2.525472725997870982e-01 1.223069247102069740e-01
2.426838491055342828e-01 2.494191338865864582e-01 6.644670921315604106e-02
2.414759130611141003e-01 2.558220123365653187e-01 2.548244835754977927e-02
2.494335876512178141e-01 3.084390938165744167e-01 1.649453475992711943e-02
2.268808538946708309e-01 3.736710297383310508e-01 -7.710343756592824560e-02
2.248169960628010333e-01 3.826100009555085113e-01 -1.186024416201671011e-01
2.311319601325346196e-01 3.966015507128600182e-01 -1.301183477042442693e-01
2.233986212272339733e-01 4.095528704194078551e-01 -1.226963113280179624e-01
2.050485633338558489e-01 4.017647622320909551e-01 -1.009278923726613098e-01
2.087272928104142999e-01 3.881442297745256176e-01 -1.183110699779362784e-01
2.148235904865111456e-01 3.928120044900079710e-01 -1.179538934670103373e-01
2.355309154765826973e-01 3.965283139935598111e-01 -8.816164412413667051e-02
2.603540570098087370e-01 3.724215911033669779e-01 -6.085149439299004925e-02
2.868731917350943461e-01 3.864630575808354895e-01 -4.230938322912629335e-02
3.141696398414861591e-01 3.670397652934974109e-01 -9.083044684011380709e-03
3.224291817423052819e-01 3.042599006451196519e-01 5.524912195260835990e-01
2.988423654480623082e-01 2.767388655401192277e-01 6.827414673131866341e-01
2.839221890749872301e-01 2.761458461753693583e-01 6.420073234167713583e-01
2.978160530287756180e-01 2.820694480773763280e-01 5.570028772337091150e-01
3.114672671470375964e-01 2.858696835451564611e-01 4.393033635122624569e-01
3.912213725606075165e-01 3.438973954553159462e-02 1.812180863070874670e-01
3.646243487508143422e-01 6.736721679108577387e-02 2.345597626015336612e-01
3.302567997932357446e-01 1.268221098614688291e-01 2.827831306571396142e-01
3.226556077757483654e-01 1.537291526494893035e-01 2.439042018697376579e-01
3.423320788661363689e-01 1.528078179633333700e-01 1.926276479343880521e-01
3.382492679075903008e-01 1.788709566795146089e-01 1.521547323179197886e-01
3.201722349110972532e-01 1.822246162061295638e-01 1.818582314547075862e-01
3.015760506685066233e-01 1.750604633321471704e-01 1.642951155791531059e-01
2.819063154919959069e-01 2.280518395013281518e-01 1.634863540952556926e-01
2.806427122421322196e-01 2.244890585829809049e-01 1.258338935980267137e-01
2.706181498812442188e-01 2.419287836252028423e-01 1.019914835045470231e-01
2.320772941061718941e-01 2.955103118302083720e-01 1.106267300170586110e-01
2.443363805372807951e-01 2.847520208017748633e-01 7.463262978243789814e-02
2.465614444045109432e-01 3.038004132366262100e-01 1.133534147961271499e-01
2.795503546307273601e-01 3.029929526460312106e-01 1.013929908427060322e-01
3.156568199608218439e-01 2.838329002896744502e-01 6.719860168251948207e-02
3.323470009664553082e-01 3.042582490366281811e-01 1.702530148548783706e-02
3.235851320771535589e-01 3.294214001313433005e-01 -1.698519394135433458e-01
2.957886444176981433e-01 3.493758284219726229e-01 -2.028143945955690475e-01
3.222847546479518654e-01 3.514577339584804561e-01 -2.252711552856314081e-01
3.136589754324772272e-01 3.455542236869088568e-01 -1.793569671125525566e-01
3.097334493896476970e-01 3.461641892792420849e-01 -1.417509266304499971e-01
3.132935802766439459e-01 3.578593787562769357e-01 -1.114602793877913500e-01
3.265741608562134357e-01 3.631458723076934070e-01 -5.259497877716239056e-02
3.012934840650706159e-01 3.646298888690269746e-01 -2.880377221027190585e-02
2.811736152591852167e-01 3.592272416451849359e-01 -2.176933451441218081e-02
2.440651881239809251e-01 3.580422203196158004e-01 -1.452025000152273176e-02
2.473174623618021040e-01 2.984118432855802361e-01 4.969565102063763784e-01
2.495333452096950566e-01 2.814459272656932298e-01 6.209334164552582358e-01
2.465121182918178500e-01 2.633136158259392623e-01 5.864173283580723650e-01
2.448634223613995742e-01 2.404218625924709474e-01 5.032473497100962145e-01
2.373305740609646941e-01 2.331775414449797912e-01 3.952318465616649901e-01
2.447057057097513644e-01 2.411628626965367228e-01 2.950725508948441878e-01
2.525719143616071416e-01 2.271457023636296868e-01 2.088976569635843661e-01
2.538180010969916522e-01 2.065309415259504733e-01 1.579340756745663543e-01
2.358623524603673527e-01 1.700571051943882139e-01 1.029058738217003277e-01
1.940944873510962732e-01 2.590036526333134304e-01 2.907687963667456854e-01
1.847226653901735405e-01 2.725405855427880386e-01 3.196000795125687466e-01
1.974928415206436139e-01 2.816539392722626212e-01 2.859449840181724767e-01
2.134021180365945070e-01 2.903128700225990899e-01 2.624589236160601580e-01
2.067815139960010318e-01 3.002282365386169660e-01 2.093336554885668055e-01
2.289550561519824445e-01 2.847874280798503022e-01 1.774615592377424833e-01
2.247319854860466981e-01 2.630896248788300862e-01 1.306680584773206311e-01
2.380228498397351788e-01 2.582352797529119948e-01 8.382085504100661444e-02
2.284416823027868026e-01 2.664239361248854077e-01 9.085828644917981478e-02
2.145697339435221895e-01 2.758346564704814430e-01 8.677925223105641128e-02
2.269629129104080989e-01 2.705182114622838307e-01 5.483506421330871378e-02
2.171554702228048750e-01 3.264254311972874523e-01 2.695974536963239437e-02
1.977503010344551226e-01 3.636914369189545027e-01 5.701718957910662661e-02
2.264864840288128012e-01 3.337896630655511343e-01 -4.176670783398921810e-02
2.335688219239242802e-01 3.398477220973391000e-01 -4.062318577813982950e-02
2.336167850827689241e-01 3.597254953515940379e-01 -4.407702609548121153e-02
2.084124783831698413e-01 3.884469029495463133e-01 -5.959323073623887246e-03
1.844104874767329705e-01 3.543809331514135019e-01 6.076037582886587574e-01
1.581788769765004321e-01 3.614631868195563591e-01 7.535215308768792308e-01
1.394277225207620763e-01 3.357998729382243863e-01 7.020423211456551238e-01
1.608106584871152045e-01 3.134034712375700638e-01 5.758626297530105020e-01
1.857783541486294765e-01 3.068208376709909424e-01 4.484268320382880368e-01
2.138254298610469395e-01 3.357248058923533174e-01 3.521009088535771436e-01
2.339770710292221612e-01 3.384313736435891617e-01 2.537610684765247426e-01
2.648500623271582977e-01 3.345627564155705391e-01 1.879891610743638919e-01
2.635717763295946647e-01 3.291961036352527015e-01 1.419921236459817937e-01
2.510021460462901199e-01 3.211191624758089058e-01 1.456407466684554453e-01
2.222065455848460380e-01 2.963876019683505669e-01 1.614867380059142599e-01
2.313057849072324423e-01 2.985335742491462829e-01 1.244580081897455337e-01
2.629323547835448749e-01 2.657035264728319635e-01 5.378596179215412720e-02
2.343086765762900370e-01 2.940629286511103335e-01 4.050139606278247567e-02
1.877928918871739905e-01 3.345559329221363121e-01 9.460343278570822190e-02
2.081511933698648731e-01 2.747098819070786790e-01 2.934034429924191334e-02
1.811815925773315461e-01 3.121147881326533646e-01 1.075579752546110684e-01
2.050155298895693090e-01 2.860510601477581072e-01 9.447860649744799222e-02
2.144636846922868267e-01 2.663556414878723855e-01 5.283541735498641784e-02
2.101281629621964409e-01 2.554478498815068721e-01 3.319390179226958115e-02
1.825173731082109230e-01 3.221595333222161961e-01 9.341547036221017897e-02
2.169501080061388421e-01 3.012650808562349347e-01 5.483685481923269295e-02
2.292366490307481963e-01 3.022987584107344472e-01 1.494221946205394336e-02
2.203003386063269453e-01 3.159980341680141414e-01 -1.058856590359489036e-01
2.227931919994893262e-01 3.297845091226589420e-01 -1.118979502814919230e-01
2.125922769221592346e-01 3.388433719344283168e-01 -8.262279568334850166e-02
2.065815619658703250e-01 3.387937977787399135e-01 -7.366128458355793163e-02
2.041373905388150778e-01 3.590495482304394415e-01 -7.207376175788354766e-02
2.095607264869915887e-01 3.855750360462489312e-01 -3.871317746988925390e-02
2.127522005619318368e-01 3.827190136105679263e-01 -1.927350053158326595e-02
1.886490469355485422e-01 3.839380747483459033e-01 -2.830199663554177139e-02
1.642920956090084539e-01 3.722788630679146338e-01 -3.594254089547651437e-02
1.682672095795373912e-01 3.739403713078430780e-01 -4.222888840620039191e-02
1.427910772922147686e-01 3.578250610642749185e-01 -4.975666131326062641e-02
1.339988832183956757e-01 3.656681759868840031e-01 -4.155115342418818497e-02
1.105331104769552431e-01 3.730848499840346277e-01 -2.244973616077100553e-02
9.819242406822779878e-02 3.877383254803100088e-01 4.214289069909886443e-02
1.795475048150717567e-01 2.949629381849463439e-01 -1.506535917958876092e-01
2.286063077452352710e-01 2.420568530573648236e-01 -1.986168634665134158e-01
2.570699664883789870e-01 2.293791778193258191e-01 -1.957560126641328391e-01
2.947945684248255982e-01 2.266065269543616478e-01 -1.828179149969583750e-01
2.876993987692258448e-01 2.065022939377976208e-01 -1.369482413033943913e-01
2.912195225970816703e-01 1.728823002358077510e-01 -9.397990861053323597e-02
2.820952951625620431e-01 1.513292708274539822e-01 -8.434909607524355979e-02
2.922031159206732176e-01 1.611257979358730885e-01 -6.239201980997610697e-02
2.883426520206917587e-01 1.563674947735845255e-01 -7.026436453564512130e-02
2.917457622854792154e-01 1.509415262580632855e-01 -6.291102595141338794e-02
2.954258413723789278e-01 1.247811573844054833e-01 -5.355305034117099211e-02
3.066261813659507673e-01 1.234757905534402261e-01 -5.769230833269181624e-02
3.265885972153468875e-01 7.132661035474635591e-02 -4.902621029163659744e-02
3.447915672474058391e-01 -7.052219035200701924e-04 3.628163858232573147e-01
3.316367655026017380e-01 -8.366269491151965415e-03 4.344544998292622084e-01
3.325959376439281412e-01 1.417129526172370563e-02 3.959623963857826778e-01
3.223365218226951212e-01 3.555538697727447101e-02 3.518498458362717685e-01
3.293259972330776497e-01 2.789357952937747062e-02 2.790909427588631475e-01
3.069365532895200199e-01 4.084141536118798127e-02 2.315595359157986977e-01
2.876372473023625642e-01 8.811707191354847812e-02 2.351339702320254244e-01
2.953953361034197811e-01 1.150358812249772655e-01 2.184069469270297492e-01
2.864352735905225100e-01 1.342085304095463061e-01 1.992400185211135044e-01
2.770960283756254694e-01 1.516051186540203766e-01 1.963406481072673959e-01
2.948043342446708959e-01 1.512271705593449811e-01 1.760947086635854253e-01
3.147780634183650617e-01 1.827175366825513070e-01 1.606127001734736215e-01
2.958908773431236927e-01 1.979739622000286081e-01 1.372649559032965982e-01
2.726767224647161925e-01 2.433236598580113541e-01 1.468893627834761961e-01
2.975470413436100414e-01 2.341336447826708744e-01 1.096795791172845425e-01
2.953999783880300045e-01 2.558406087565444631e-01 1.378362436504763922e-01
3.113909106579681452e-01 2.202516769697025478e-01 1.320958391762618034e-01
3.065920634631444375e-01 2.195066903296065686e-01 1.124449475562508127e-01
2.553840720374275230e-01 2.950753990921872738e-01 1.943287050287950679e-01
2.054096801475253364e-01 3.442648333762006185e-01 2.025016950437887875e-01
1.908208871375188798e-01 3.486112912850428680e-01 2.119415462619864132e-01
1.753556589962239065e-01 3.447946566402059765e-01 1.924549179272563582e-01
1.729297049679342502e-01 3.312322135944935630e-01 1.598736342677700151e-01
1.599574534912808210e-01 3.329087828959078066e-01 1.467012327354051127e-01
1.405049662857183468e-01 3.247711414931236384e-01 1.320441669557211872e-01
1.209697838898590172e-01 3.045161532970245832e-01 1.055827272022183544e-01
1.218255569870981964e-01 2.940300491278310946e-01 1.176791904512367454e-01
1.190210119501235175e-01 2.796138034788211435e-01 1.374082559043519058e-01
1.143220477042117267e-01 2.532042087635429928e-01 1.435438177005429194e-01
1.025540517458395223e-01 2.138076653244209702e-01 1.244008083194529241e-01
1.207383009032760995e-01 1.656232195480126512e-01 8.803669040290001968e-02
1.033939268642922182e-01 2.124734793237375852e-01 1.691685086865062360e-01
1.182233572495388491e-01 2.213855003842185865e-01 1.975839477070600037e-01
1.443989798571434779e-01 2.188627991802243877e-01 1.987161695506259318e-01
1.699581867995926809e-01 2.100465499058817853e-01 1.784862733550037772e-01
1.789701483847225549e-01 1.802180166609227974e-01 1.603240861969855713e-01
2.066802043332234551e-01 1.426328386733580200e-01 1.098118017980399541e-01
1.447109748800574081e-01 2.057874746807323574e-01 2.735876895164497946e-01
1.327448310926422903e-01 2.006803804050076023e-01 3.343645944315531415e-01
1.342331662364374123e-01 1.815691250067932305e-01 3.115432052288404363e-01
1.363217607606332926e-01 1.921302372171641015e-01 2.348132636979783916e-01
1.713030063333842445e-01 1.793823123565506661e-01 1.636246515810260149e-01
1.943593611007106148e-01 1.530400534259037937e-01 1.048908624003811740e-01
1.764910288184595444e-01 2.135646484440930637e-01 2.224024505983974720e-01
1.571037307305302722e-01 2.203711715455070608e-01 2.555803919737647534e-01
1.627602059801932788e-01 2.377593342142571842e-01 2.280109798863670378e-01
1.550109175934572536e-01 2.223982684100716256e-01 1.972427486977851585e-01
1.511555745027945985e-01 2.062325948990901825e-01 1.642739784923523683e-01
1.584616885958985144e-01 1.615654066948411238e-01 1.137320299759847497e-01
1.700837617053777562e-01 1.819372204618934785e-01 9.917963774605420557e-02
1.515954616388389131e-01 2.159387619443743356e-01 1.042261009355009149e-01
1.865960367491935612e-01 2.384721026458828941e-01 7.569184954606711369e-02
1.895291236944477153e-01 2.713270918982887414e-01 1.406110817760423404e-01
2.122790675210541322e-01 2.391333333065051303e-01 1.257945083620620186e-01
2.481314938990740460e-01 2.099738009061025423e-01 9.489714520167644163e-02
2.134633839406307465e-01 2.577743624390981259e-01 2.291121842755994564e-01
2.153762282546440032e-01 2.480309039820103589e-01 2.678649939645870726e-01
2.174539869478852583e-01 2.267540013307380309e-01 2.488741069354488133e-01
2.317610189416677846e-01 1.953867234416509224e-01 2.312481756241025477e-01
2.661392092916055607e-01 1.555519544314575842e-01 2.340422020948381698e-01
2.957995835437380316e-01 1.019477369634723407e-01 1.699761214380297036e-01
2.703949710137984463e-01 1.267865017576836062e-01 1.814705227828699585e-01
2.416327421558257527e-01 1.599528980371728304e-01 1.849905415625172356e-01
2.645253889250148704e-01 1.622352132100546018e-01 1.653770776967403711e-01
2.580389903286380293e-01 1.649154638820944929e-01 1.515847666286311290e-01
2.389387900539229614e-01 1.772672809604481647e-01 1.189580748329476384e-01
2.219646234083775260e-01 2.034292717122988814e-01 1.496454497421577934e-01
2.192709822046307877e-01 2.039571605857198322e-01 1.167729167826536685e-01
2.239083454213069146e-01 2.250309622216622729e-01 1.230863278164916752e-01
2.336353932726814298e-01 2.044122921768075918e-01 1.149288745412347656e-01
2.549613762928507610e-01 2.055747412114208028e-01 1.213390816597185728e-01
2.530582470240148041e-01 2.171820821252357647e-01 1.230647431626938626e-01
2.631675297328494589e-01 1.944043092976016629e-01 1.155330962986988452e-01
2.307091607770116737e-01 2.283792063564146213e-01 2.003761745909306002e-01
2.302607347505352398e-01 2.171835854809385236e-01 2.139023779946777892e-01
2.582523310753048196e-01 2.030492058241648023e-01 1.983977737396711016e-01
2.922163614014590127e-01 1.832794335893164761e-01 1.607305294686948438e-01
2.998209980712123746e-01 2.126130527202429454e-01 1.368613203613267548e-01
2.769778013930618288e-01 2.639082507778022779e-01 1.241350009248281677e-01
2.648607661662032986e-01 2.665795818498378211e-01 8.725575384516295885e-02
2.565609974628514367e-01 2.840979908375756979e-01 1.359205188066553438e-01
2.697761565108235948e-01 2.612875671594686589e-01 1.219141732589308774e-01
2.568108097545049318e-01 2.485982626996221800e-01 9.304977372041070560e-02
2.300614892289247482e-01 2.738630912656529470e-01 1.202437225448902691e-01
2.519007014355792440e-01 2.502550801563928617e-01 8.496473006961391405e-02
2.179201373253312757e-01 2.606434911378631147e-01 1.736262570367695934e-01
2.113589721202615568e-01 2.508482234452906745e-01 2.112808495765951533e-01
2.024351285233700892e-01 2.441627997082641832e-01 1.968437326963979050e-01
2.198546418806692215e-01 2.394881503002481427e-01 1.721651036711999150e-01
2.411491182134432310e-01 1.937338803255034270e-01 9.417279216013721421e-02
1.638094871273224062e-01 2.548076699155314984e-01 2.547697867137758698e-01
1.387690521791633269e-01 2.707376229353133379e-01 3.027663991673788524e-01
1.376171013612260408e-01 2.614404400799936745e-01 2.780465403925050927e-01
1.534832153251164955e-01 2.802643663649330708e-01 2.472650814290722754e-01
1.370629099755809599e-01 3.120975141370785910e-01 2.483466310451804271e-01
1.557659389442995201e-01 3.269572119387460507e-01 2.213185435544502422e-01
1.622292234428320268e-01 3.432881183172601380e-01 1.748697329775400211e-01
1.706435506013613268e-01 3.296826851591534435e-01 1.459072478245335425e-01
1.725881843984491126e-01 3.241129092902596542e-01 1.358983657078044749e-01
1.747775801361654835e-01 2.945810646121832521e-01 1.376584524362206852e-01
1.597920445791350397e-01 2.768209939203422620e-01 1.311331456165703568e-01
1.916639562695213739e-01 2.085894418479362078e-01 7.751253094681577471e-02
1.540123706640657009e-01 2.830263744095020129e-01 2.323183285287090394e-01
1.529200392932513197e-01 3.059774993683419542e-01 2.628462922527901036e-01
1.621690153665178158e-01 3.388167742649872416e-01 2.659700576086228008e-01
2.039073683255810399e-01 1.659308960912360131e-01 1.335429953308335249e-01
2.104767391321052394e-01 1.281325385071111211e-01 8.421384322680702805e-02
1.797003039393252066e-01 2.120340351011657520e-01 1.204212022596645726e-01
1.596738431486824372e-01 2.153216213454502148e-01 1.201250647032592184e-01
1.766503744589580926e-01 2.040994984494327869e-01 7.428668114474508422e-02
1.264138622393522482e-01 2.766891705180059002e-01 2.664015249653645667e-01
1.196124469095040388e-01 2.857491170378583245e-01 2.949660898324408809e-01
1.384008787085674874e-01 2.662138538298401969e-01 2.442477768256035020e-01
1.668914362812444763e-01 2.499326184449169874e-01 1.965930832885672275e-01
1.796579815584031237e-01 2.386183931210948961e-01 1.804269903798041697e-01
1.819955204125447978e-01 2.317013076162142693e-01 1.577249013055016247e-01
1.873695383333323083e-01 1.855398169595231794e-01 1.046636248600258806e-01
1.795600497288562802e-01 2.009044344504193613e-01 8.916078562294749155e-02
1.516400113346611511e-01 2.493663872388384162e-01 1.944277714330853724e-01
1.516115860967177376e-01 2.606573625780081449e-01 1.984903711681146876e-01
1.466861057693050197e-01 2.530017518191519654e-01 1.527059750076881772e-01
1.436274729759115798e-01 2.610002500245370838e-01 1.157137601327894033e-01
1.635310468292139885e-01 2.259205557534275099e-01 3.763157456972672510e-02
1.403536971658368437e-01 2.938880968020489703e-01 7.618087296971390310e-02
1.383975751017388345e-01 2.974743609542866429e-01 3.386693485223032235e-02
1.331640556527355634e-01 2.967944631917544540e-01 3.756989329254916549e-02
1.304121269396386618e-01 3.126610562680329219e-01 1.950541059406234526e-02
9.882328857495989438e-02 3.464203218623063685e-01 4.207406692868172204e-02
1.504161962022174948e-01 2.838121189383415732e-01 -8.113974811368625251e-02
1.566228917904526619e-01 2.702922779542605847e-01 -1.117274604102114210e-01
1.770625480146923447e-01 2.588900943769444352e-01 -1.012863772407562035e-01
