#"Step","Potential Energy (kJ/mole)","Temperature (K)"
100,-362.5226876228973,99.18172800728014
200,-338.5959016412085,170.02411668631808
300,-333.61921155253776,213.75949325020326
400,-319.7395933273444,248.25997359893276
500,-328.1549830901427,259.25996459022946
600,-323.32181997778486,270.248480826823
700,-317.69017699392555,279.336382241721
800,-313.04565745264193,280.6077170817077
900,-290.35309893940007,284.24972714295586
1000,-323.1519984178671,291.46455703510935
1100,-306.2008562503093,291.2868405817543
1200,-316.75907025544024,294.25012486349584
1300,-312.2102365815658,295.9636044115171
1400,-318.2307413425013,297.5353598220003
1500,-330.6494369013302,298.08635615260795
1600,-345.3161103025248,300.989398079067
1700,-334.364081152781,294.8329249728727
1800,-321.8205815048507,292.3519530991521
1900,-316.3989376977566,287.3604064690942
2000,-320.923766563632,290.2097563561949
2100,-323.76535341984925,296.48456364917274
2200,-322.15290258061844,307.9144318965
2300,-334.0101412080466,304.30321855836064
2400,-328.656096682309,304.58748872253585
2500,-340.5842778631262,304.3638849569538
2600,-334.7065832764495,306.68028629410736
2700,-318.3046272769828,302.7480334318577
2800,-347.5750935062342,309.9407417922269
2900,-326.61815733109944,305.3085343983865
3000,-325.474989071048,307.194538501947
3100,-324.6862523574085,297.28216871952077
3200,-329.3869244953866,303.57503477257495
3300,-332.2156156093425,290.9663204509805
3400,-330.7305139709056,282.68006157000525
3500,-317.541903178377,294.06031098180483
3600,-279.102062251262,297.6975296315321
3700,-316.0149262492318,293.1205790119682
3800,-309.85939681474093,292.1933609261084
3900,-298.1268641667236,297.75560441737457
4000,-314.6323096302067,300.79434110617603
4100,-308.1438018957445,307.00547766682206
4200,-299.48946278780625,314.03101637380263
4300,-300.9664835132551,305.5433322482337
4400,-295.903630853918,304.17722158842656
4500,-300.46973358161995,300.2681236156842
4600,-289.5942309724808,299.94326136771286
4700,-278.1601663398197,296.33950748704495
4800,-281.9354567517068,297.22344591439474
4900,-274.1316787592172,306.6225524176521
5000,-280.1454082625175,291.42997068039875
5100,-280.9927626306033,298.31621427672275
5200,-290.39265022308473,302.5849185229648
5300,-280.74715148033016,299.50069669415035
5400,-295.06520302008886,296.193160759066
5500,-287.48237994302235,304.4358607075142
5600,-295.78074170137023,302.056882102854
5700,-299.86154351694677,294.44965578446664
5800,-299.8138043726013,296.2976050756958
5900,-302.17781139215725,300.2971135473278
6000,-287.4687284354569,293.81665256628685
6100,-291.18235274569423,296.7565308096208
6200,-289.02494680899895,301.68317827227173
6300,-283.37012520506073,302.5275686594769
6400,-284.86355923611063,304.5327031803114
6500,-274.1046355697969,303.80306409554134
6600,-300.48276125973763,306.28350452840994
6700,-282.41902624156495,309.1327766080877
6800,-267.8316294687572,313.27853018436633
6900,-293.50090736609474,314.9548542063295
7000,-303.52813174253777,315.784245892893
7100,-293.6546162259196,309.91428563587795
7200,-298.6851394591816,305.79425536356547
7300,-291.002070160138,310.90116390701365
7400,-301.2275234589693,303.2390671817656
7500,-320.896530299688,297.901512487611
7600,-307.35624131647324,297.33610342633375
7700,-296.6713541065689,283.98259599514216
7800,-295.819083533363,279.1634666772808
7900,-316.4288679805564,283.3418457984729
8000,-289.4108943255325,289.4032099667438
8100,-310.6875947411249,288.7772386806923
8200,-296.50737139436563,307.47136424143184
8300,-310.78347166051776,293.07889281425696
8400,-288.16924041318657,296.2117799253271
8500,-316.6437740179352,293.6614336122325
8600,-313.4431280344783,284.5551222486699
8700,-328.69653416061726,289.52750613059493
8800,-324.54543332589844,295.3729809437112
8900,-318.0668476882034,305.2030488343987
9000,-328.28837136639214,302.8084292752768
9100,-325.602628984152,288.9023260624349
9200,-321.9238201822786,287.97451870918616
9300,-338.0120897250893,304.39993892100256
9400,-330.8061004953144,300.60703814569587
9500,-327.2103179067986,294.7351748367892
9600,-318.2247504613576,289.43228809114515
9700,-319.4345810717675,288.81004602571994
9800,-317.70743291628196,287.9362154445239
9900,-320.0781795788089,299.7858395591102
10000,-315.3732991599006,304.8009763958352
10100,-325.7143371820055,309.0171369757991
10200,-302.7611416656493,306.16628420209923
10300,-310.19620180382617,300.8519211247432
10400,-304.07817586688157,302.24185607728276
10500,-305.8180891863522,288.611940851136
10600,-278.65784849317487,291.7231527643984
10700,-297.690816087281,305.1746303492902
10800,-324.94532877879226,299.8559248487252
10900,-337.82386653869776,299.2005006653003
11000,-308.0923527473772,296.0839808247163
11100,-329.2384700694317,300.12726275876474
11200,-296.2577289365177,305.304090802918
11300,-314.9013170930779,309.0466417779822
11400,-311.7765524121299,322.66571083905376
11500,-310.0158642713871,308.5401898251218
11600,-286.4294859297452,298.3852445213492
11700,-315.94341630225523,296.66163752620207
11800,-307.22871129137917,299.42889013570493
11900,-293.46920611616224,295.58174746960697
12000,-301.4697925022601,299.35564850346225
12100,-311.92692525842557,311.73989744686276
12200,-287.7565760382327,308.2717580143028
12300,-312.52783974551596,302.7408247466217
12400,-300.0840137004279,300.5331275617334
12500,-284.8367114057722,300.0929809024549
12600,-311.0126085956621,305.5538657061655
12700,-315.18108518765536,298.9380383664821
12800,-307.85864710862626,297.12482309732184
12900,-322.7326754026413,298.88929337104884
13000,-301.91903131156226,300.24004911946986
13100,-317.9742188493932,302.02254340075973
13200,-291.95317473495624,303.4091001849321
13300,-293.89612205520365,299.22726076575196
13400,-315.7941330336458,303.39951474106743
13500,-300.55590822111424,291.14666384690344
13600,-308.9523221655167,278.4111863466503
13700,-296.67315572253716,278.73909943542395
13800,-294.1010696831391,291.25408778304586
13900,-320.66153672371644,298.12969885326703
14000,-296.13384501000616,304.562543033136
14100,-334.23785030342293,295.39068671731104
14200,-334.5752687398497,304.70244239272205
14300,-327.28815425022646,302.42713903616874
14400,-314.2193498542954,291.9552662570631
14500,-319.5336751120996,287.81909497183045
14600,-303.3642549698048,298.0399893637382
14700,-311.33593669107205,293.78126513551155
14800,-303.4581018249944,290.5454187649921
14900,-335.4263328677483,300.92648618136667
15000,-327.2743771647329,298.276203829678
15100,-304.51195755110234,297.6338053897132
15200,-304.3313154517072,293.403858250882
15300,-327.48342209999606,299.14730490516257
15400,-292.00707713001833,290.18045046351074
15500,-305.46919258821663,294.18849122797917
15600,-289.5473018116555,291.03370087779626
15700,-311.10145695862644,290.9325061572222
15800,-309.36760064385766,294.0278866739602
15900,-296.9811973479254,287.53624236010756
16000,-299.7452984296749,275.2971142566207
16100,-330.65930856576705,277.7317976733973
16200,-305.29763688019784,290.697106915577
16300,-304.3595914934088,293.1602502589269
16400,-302.7895329686722,293.6404815052275
16500,-302.6295299615977,301.6086713304664
16600,-312.96289746071574,305.7783862065634
16700,-291.2952147844231,298.54477703312375
16800,-315.6847487400948,300.04806425438886
16900,-316.14374846230754,295.1257823584563
17000,-291.5906104735366,292.64989454330066
17100,-321.3149299423534,289.9891954510605
17200,-315.9216451717991,292.57406947726014
17300,-319.4005531152522,293.5175970193697
17400,-328.09751781929606,293.28399140650083
17500,-313.45525693386725,299.5467099083664
17600,-319.90415381723943,293.73730285190305
17700,-329.113683198271,295.90081273352894
17800,-327.34321318510797,294.6575578528241
17900,-333.0974969368975,285.342899707513
18000,-347.6945409054502,283.4257881828976
18100,-334.9183576533334,293.0814781576006
18200,-320.0269910449534,296.615721251053
18300,-320.63174404862696,294.675134362147
18400,-305.1014447605032,294.51734055477056
18500,-301.6164047453794,296.37765056004105
18600,-302.276174614104,299.47829834842855
18700,-307.5123742574302,297.6929200750696
18800,-306.56370442631913,306.70915772592394
18900,-299.1655513312132,292.82279326893746
19000,-310.50909235231165,288.97171913602193
19100,-301.3331676497333,291.9234437447977
19200,-305.4935671231635,291.22904885159704
19300,-292.02081654010345,292.5997863389318
19400,-318.11146200235544,293.99902542704126
19500,-303.6085727416151,292.2950021893594
19600,-314.6396097851244,292.15234573470553
19700,-323.05237206374846,286.7262335023014
19800,-322.5645981242859,277.3745996832957
19900,-313.33541233428593,286.5369751194437
20000,-316.1565533096995,292.9227647443356
20100,-316.16728413170745,297.9031838884084
20200,-299.4042561471238,302.25771088588067
20300,-321.1910757468625,294.3795628951323
20400,-324.68252064942703,289.3910416096646
20500,-316.2603030649898,285.3396415028695
20600,-313.6944988024956,288.7301566250552
20700,-334.0507832417529,295.40541040844755
20800,-343.9134414607957,289.9927085366557
20900,-333.04417383924283,292.3308064622576
21000,-323.95029483372315,291.25604234473826
21100,-339.4757200874647,284.45987579952407
21200,-333.70349432726977,293.6174779476918
21300,-333.518278986265,294.8123044002761
21400,-321.29740739451097,291.2331961607167
21500,-323.9175422788537,275.6801576779165
21600,-319.06019158026163,280.9014832175556
21700,-322.8913182691659,277.99914939008704
21800,-344.3270401601517,281.29840940861595
21900,-323.64090625243887,285.98372923416434
22000,-333.15355629829975,287.2124101122624
22100,-351.2173539030408,289.34850142110764
22200,-339.19732017505936,285.633473938963
22300,-349.74638923488027,284.9769900746936
22400,-322.0013454585949,287.65917354938966
22500,-298.3976756721157,294.5853556591356
22600,-319.43040792877997,309.1945978886117
22700,-313.07507140677495,305.7686058885381
22800,-297.7698782593513,308.172982068541
22900,-321.4070092655143,304.73348365225706
23000,-292.3334383218294,302.6236041782585
23100,-312.07669085510594,293.60356171196963
23200,-327.6098228986217,304.126017647107
23300,-336.3531272299686,303.4148349277051
23400,-318.70667596168516,303.57149303736855
23500,-296.8591816824698,301.60334505797675
23600,-334.48411359788065,304.3185146416643
23700,-312.9570253585505,306.89822179350364
23800,-315.69018562883815,315.7267828151848
23900,-323.4829536533582,309.26466705959314
24000,-314.34205579875453,304.3516425718308
24100,-336.92676731707616,293.39825718901017
24200,-325.21137291403323,285.88569915168364
24300,-329.59838226092035,276.6095171842661
24400,-335.3224532656853,286.8780848221223
24500,-324.0123969415833,300.36714804299123
24600,-290.6351832944479,292.3271544769546
24700,-298.97144904207977,290.18646788776795
24800,-314.637471182081,282.2964991741636
24900,-303.86353138262933,284.7481341030942
25000,-317.5124030975398,289.99690445306953
25100,-317.4099633474843,293.6675037405809
25200,-326.94746860993786,286.1658419194556
25300,-312.8496937928756,288.4624734580902
25400,-308.85709649832023,306.7822230491007
25500,-310.68986545217496,311.20940271405124
25600,-309.7038879171926,305.43463166123786
25700,-327.5794669426156,317.017387737331
25800,-315.80411717471605,312.57970861833553
25900,-315.8035216596959,311.9281047587013
26000,-298.03743501683846,306.3031881677113
26100,-304.54478401513046,298.7898580883197
26200,-293.3041205700712,297.98420739108485
26300,-315.86403184378764,306.9544842553392
26400,-321.5860616353694,300.74859761994725
26500,-288.8856641315144,293.8676269602254
26600,-319.84325758295245,293.8785216627309
26700,-323.5452679414874,299.38555673392915
26800,-315.46809979315935,296.55714179166637
26900,-328.198900159801,289.72990803610287
27000,-310.4526375912569,302.47687864302753
27100,-334.2527928903922,298.6839032555086
27200,-307.1076510838951,294.7622265631412
27300,-325.7813599169336,304.7556976352458
27400,-324.3393732982492,292.9189312930212
27500,-314.01352570880005,302.5761036573008
27600,-310.89701753940795,310.01920717211567
27700,-312.8279604898405,310.36097176198734
27800,-310.12254563169273,293.13597051024715
27900,-327.0724715298079,295.4767565647083
28000,-321.0717228275491,298.3012135025733
28100,-308.7434280563498,292.40671453729215
28200,-329.5275241429045,292.98437021450457
28300,-339.35306366783897,294.0731651583206
28400,-327.65972834976435,292.86702797159717
28500,-317.3675818733418,294.2013326508481
28600,-331.1845724922925,299.0166793859185
28700,-296.8390264946018,301.8245941876818
28800,-329.311620100229,296.47802752748555
28900,-309.4194238305303,292.3808888921863
29000,-305.03154081847504,298.7901132082222
29100,-298.7951508012707,297.79706423389086
29200,-295.8219041686386,304.6003713902116
29300,-280.20965061832374,308.31471042174985
29400,-307.10211553896306,309.709337330754
29500,-303.81217344843475,310.428038984198
29600,-297.5342892794137,297.29459812180505
29700,-295.9730789346334,294.82579349334765
29800,-304.2968770176156,293.55687944558537
29900,-323.690415321601,292.8360671052391
30000,-324.89310783486957,305.60374611069955
30100,-319.20000513524064,296.80956014757794
30200,-332.76901080048,299.7273777068751
30300,-346.50831181320007,295.1152311221544
30400,-327.0209738442285,299.2099135752343
30500,-331.5467247033709,304.5365359147345
30600,-327.29707923714886,308.6031154262484
30700,-286.0851019234415,305.6256328426105
30800,-295.97715331773963,306.4496610046531
30900,-296.67029122095886,304.72203013875543
31000,-301.85350035164294,302.6332431269968
31100,-317.5113829894736,305.7222758777061
31200,-318.10378619029166,303.1099238294534
31300,-344.37107591622254,291.2775314036455
31400,-326.8872511257113,290.9469409453668
31500,-291.4817755390238,297.39179716056765
31600,-306.01524594421454,303.3970542047067
31700,-311.4681556456998,299.1066049420479
31800,-290.24271168085903,302.5467863428141
31900,-290.7218904552129,293.54461079517495
32000,-291.78679037489013,288.75351971326916
32100,-318.0354743942752,289.9775052082773
32200,-298.2804613542061,285.74494557579516
32300,-285.7402932677049,279.104141728729
32400,-290.53477229447094,285.98705863519194
32500,-296.667097609504,287.6909251925463
32600,-297.89355990782855,298.9446930786707
32700,-329.178243714594,306.97582052121203
32800,-307.44832728749213,305.2288968554589
32900,-322.0462397464272,308.3867064198547
33000,-307.3395467711388,297.97088938824356
33100,-317.9481358753835,295.3716933329405
33200,-318.183435324942,291.5629762018097
33300,-294.9413458645047,292.3534995023982
33400,-313.1916462829401,295.04419939491856
33500,-321.21555376641885,301.0246393020797
33600,-306.6470825655476,301.5122950718983
33700,-321.297063979171,305.43136713509296
33800,-300.4150936199251,309.6021413786379
33900,-302.1032127275025,315.77565698431437
34000,-305.122483609557,310.7974287823165
34100,-304.88345264181226,306.578100938187
34200,-311.07587771401995,298.5122183178156
34300,-327.7521363138017,294.35971543636947
34400,-303.1632888494158,294.9688153779289
34500,-322.44880238291825,291.9985556465517
34600,-311.36512489995624,304.5660274235765
34700,-304.9145270266019,297.3267961964258
34800,-303.95735928387177,298.4759586104282
34900,-288.83733359629565,296.7674901586628
35000,-292.6195726456423,296.0228310340069
35100,-291.6427083588347,293.67935539340783
35200,-299.6204813053128,293.6988528092155
35300,-300.71449069678596,299.3013370741481
35400,-324.090417503435,302.77600890163853
35500,-293.00024316412487,304.89145762742635
35600,-291.1613449505698,299.47346442273886
35700,-331.5169871648521,299.4291526361724
35800,-336.18620056227627,294.1583919897465
35900,-303.99193462495873,285.7976392665835
36000,-306.63841093409184,291.8281047116345
36100,-316.2948754284171,292.9234098620527
36200,-324.43820094969624,282.67262137243824
36300,-319.721385770518,294.4058830691944
36400,-331.0669812299982,289.3985027996007
36500,-303.1321865780671,281.54829522845915
36600,-314.07391785902445,297.17991307991053
36700,-326.30533837380926,299.00600112881534
36800,-293.7458081641353,298.07258904059995
36900,-268.49711664535545,307.5194322031604
37000,-313.50971429704197,299.2688551911505
37100,-305.0854150210847,301.7956926169692
37200,-286.5672445146932,304.7749173219601
37300,-295.36455931492884,310.57468192623577
37400,-308.87503474160513,307.6641569503643
37500,-303.89244820551033,305.3471222757721
37600,-312.200738124302,295.7985852674471
37700,-330.82699254574743,301.8174609986217
37800,-315.706775347877,302.9865775023757
37900,-319.94156543198835,317.4113601163812
38000,-316.2429881676815,311.96688157827634
38100,-317.9921530518118,316.42893705195183
38200,-311.1396568609352,308.28861296055624
38300,-298.06916241942565,305.1176828888528
38400,-314.90601503037163,306.82698089599035
38500,-357.6016450489947,306.73725349254755
38600,-322.13601517302385,302.8666060117995
38700,-326.1411943073694,306.8420933405398
38800,-323.7189156269255,305.49444407638435
38900,-334.2134152536316,300.93968245174085
39000,-324.2682034823957,298.48019355039577
39100,-334.69752970033454,308.55520959360075
39200,-323.22832440139223,304.710661298159
39300,-326.4135405347983,303.956162659091
39400,-302.87413603812064,293.29062658542136
39500,-323.17563081844,291.45213550514836
39600,-320.98040112803227,295.7095739021421
39700,-309.41756287508537,293.7596282761372
39800,-325.66728691098524,295.92435426065657
39900,-312.2208307733035,294.8229315057937
40000,-297.82953380431894,294.5849286169553
40100,-292.8910410797394,290.6094348698622
40200,-326.7553216533369,293.0221545753646
40300,-326.8411367617245,292.75236952162726
40400,-328.6447249831985,295.2443044866739
40500,-319.2544953642242,289.43244691769104
40600,-315.9546321838588,292.9430588743535
40700,-317.05164703925226,298.9085087901028
40800,-310.5408603458248,300.4347985164888
40900,-314.13938242281796,300.119406630264
41000,-300.97257918862357,291.81517389057535
41100,-308.37446156869595,303.43906174901434
41200,-334.63420423606397,304.8011047334137
41300,-328.83067226245925,306.03859026649036
41400,-338.8497326502402,304.06265107108595
41500,-324.20195501792404,296.82570321812887
41600,-330.73032125354376,301.85427254669503
41700,-353.71109336618827,298.5546192598869
41800,-328.0653983196569,301.6536086170517
41900,-331.25586205828705,294.10305814111985
42000,-337.1223217862592,293.68666910093594
42100,-321.77326527148483,295.20886494399326
42200,-331.0172044155277,291.8266055252024
42300,-314.59810179287786,298.7645505143061
42400,-312.79737622322136,307.46998578837577
42500,-310.1404592764288,311.7270896836174
42600,-309.82491557128384,321.2188982198306
42700,-296.08010648467837,312.8055118060242
42800,-327.9423221139472,309.64586453067295
42900,-309.89223116000807,313.2236037560162
43000,-309.03701685838513,307.1143380427286
43100,-294.4300119867349,304.77393083253753
43200,-304.0973290110835,298.9373073788345
43300,-296.98360300330756,296.93859987128025
43400,-318.8227105026821,305.7133718445313
43500,-325.1597532961467,299.7289443263225
43600,-282.25119699459106,299.6414434010445
43700,-322.02602871378855,305.1447378602405
43800,-330.2732868406163,304.5290910229058
43900,-312.44756932555293,303.3291001317245
44000,-308.35482357796656,300.8271245350171
44100,-305.04674245143207,302.0658170098834
44200,-309.2802378433778,309.39938259953055
44300,-313.98988625330753,306.8429679572335
44400,-318.5773840791787,311.2911104029485
44500,-312.04814894894815,313.88891424158106
44600,-303.6838325064325,305.8559896201753
44700,-331.3576196086361,302.57497315487876
44800,-322.49590594679756,303.5270628291718
44900,-315.8809416551015,301.27767248878246
45000,-301.5272850501144,304.9181521040345
45100,-296.3943826482603,300.40181724373167
45200,-309.31435090038764,304.2574777405662
45300,-318.7228235559811,295.776390541049
45400,-316.58402882754586,303.4663410825757
45500,-326.59678664800947,295.5513807911487
45600,-350.5643646204755,290.74994528544744
45700,-314.17707204659115,295.7522239731291
45800,-341.784884933916,287.79011420257837
45900,-346.7491755075285,279.0372364062065
46000,-349.03316385945453,286.3722859058784
46100,-294.0622852929906,288.73291422088687
46200,-328.22681399229003,297.8795294954625
46300,-327.34460464696764,290.8958342586981
46400,-317.4254716781301,298.9894101676078
46500,-323.62882972047504,299.5038951984914
46600,-322.5330670236928,300.4689844181229
46700,-300.601075646792,300.0192087280044
46800,-325.3427112057027,304.3604971958714
46900,-323.3097559011867,307.229911983927
47000,-319.8338567078191,303.8691736386988
47100,-310.3122427641999,308.18782986629543
47200,-312.85578958195305,309.50838999318256
47300,-330.17662100765637,318.41882597337445
47400,-333.9700717381982,302.6089408595936
47500,-309.222800134026,306.0250100616611
47600,-317.5243073597755,297.8074309928954
47700,-318.08019964644217,298.04361848295787
47800,-310.2701125799293,307.0998216306114
47900,-307.25234790790523,297.28527763325644
48000,-288.6558782046179,299.0347594173952
48100,-318.6664054776874,308.47299648167126
48200,-298.22487708352395,316.8066141783677
48300,-300.70058518988174,303.45105170216436
48400,-306.55456433337736,304.2037700651202
48500,-314.4420691481334,310.9059378630627
48600,-291.41068397394656,304.97314162998913
48700,-317.1201481036981,294.4051103011447
48800,-324.2140946968047,295.95359958754176
48900,-326.4162018683451,310.556083594655
49000,-327.3817365865462,294.52125525274585
49100,-322.42282287637755,300.6442033611646
49200,-306.77357496458467,306.55868646427103
49300,-322.9358927873615,303.2905067070575
49400,-336.94378859181666,310.69922012968334
49500,-308.76071513873194,301.35427287263104
49600,-308.9190309797912,296.26701362216494
49700,-286.20419395084275,291.46759919499607
49800,-330.67487965804054,288.5505418832775
49900,-305.95401116166687,280.9552784283609
50000,-307.13359232606985,281.4246323649779
50100,-292.35188537219875,294.3547823219074
50200,-317.41442058413173,290.02134651860536
50300,-312.69274388289017,297.74657349264766
50400,-303.6011736361039,297.88130481447496
50500,-298.71131050985684,303.79403952835895
50600,-289.24952599133707,302.15298722434613
50700,-292.0648064976932,294.4797232726773
50800,-305.28257571888827,298.1881156687435
50900,-302.5714076546884,298.13544241712276
51000,-319.4031943239284,301.86608538208435
51100,-304.82934910873036,286.7356161717752
51200,-314.5296149897002,298.0896887182542
51300,-323.5636538481045,297.4301392267885
51400,-320.179333691078,296.3652915342403
51500,-286.4796964099242,288.13209328802327
51600,-328.2922160110713,284.58718008123617
51700,-312.07637555260493,281.89187301270937
51800,-319.2179257003216,275.26191783539133
51900,-335.2798651751873,280.71031003478487
52000,-327.70931651218683,276.9363476865591
52100,-329.1826654991255,281.12604412879307
52200,-327.0035395532514,283.0732079490597
52300,-318.8473839879741,290.7080031808619
52400,-317.5073317115059,298.8659997253037
52500,-314.9342785231369,307.7600335984347
52600,-321.268775129041,307.6841199110803
52700,-295.84671469930737,294.4022115792153
52800,-328.4910760235865,297.07692589226815
52900,-303.7866876630361,286.6968431528822
53000,-341.645001916298,288.31278135407115
53100,-320.3646258371553,286.13374070843435
53200,-322.93391118743256,286.6321053795051
53300,-318.955093636879,280.5789320824848
53400,-326.15442092901105,286.0872252606271
53500,-310.10593221574925,291.97566051104997
53600,-320.84317338619127,298.8160568574083
53700,-309.92767463299316,296.2206901966264
53800,-325.65722897566803,294.3735919431595
53900,-314.79795634703487,297.00541616208284
54000,-311.84515973647393,304.17291836935215
54100,-298.5716091879654,300.98638120502926
54200,-324.07668233596524,296.1685637534195
54300,-293.5408272415595,289.75007726437155
54400,-312.7291945756418,297.8050244741927
54500,-304.5007546769926,292.01184030164245
54600,-327.71341937478684,290.33171094953906
54700,-310.81972338215326,295.99213994660136
54800,-312.79636669197174,293.50695490621183
54900,-326.149435700477,303.69808164594286
55000,-304.1162356170808,292.62045518924236
55100,-321.5942679684184,300.14542352101864
55200,-306.5518018168645,303.0919883734623
55300,-317.8458629443814,301.03700994211994
55400,-286.22240959118574,301.6013286274996
55500,-289.25569078168127,304.0063411407939
55600,-301.19243630296006,288.8637607963829
55700,-294.2678300717048,291.91639762455014
55800,-298.3904614938495,295.2830351218848
55900,-320.7291401539157,296.16398007702514
56000,-318.56836904462733,297.19218477825376
56100,-319.90869240571215,302.539838107857
56200,-317.7227465902648,301.780765754323
56300,-326.09409051674123,299.68452078496836
56400,-292.3144189761752,302.02455599839277
56500,-343.98224839049186,304.73136738060555
56600,-312.706167029703,303.04168481354094
56700,-321.2674538678712,297.32097104573705
56800,-322.6549182149817,296.455321886929
56900,-324.3889504152203,297.706029014989
57000,-304.20198727683146,302.53754826007355
57100,-323.7422628463132,307.63153212644335
57200,-309.0067905242733,307.32389879667875
57300,-324.4133023655692,309.2764557783046
57400,-306.36721832646583,301.8043875797695
57500,-328.0581910685044,301.10365840038367
57600,-319.4651209764174,296.119052995018
57700,-300.23775333062684,294.0871444619784
57800,-302.11295357643684,277.49172938047565
57900,-302.41535693607034,294.9031415685578
58000,-272.26453995717685,294.5842112374145
58100,-261.96777151433184,288.60014160786875
58200,-295.1510730384116,293.3854751279044
58300,-289.14973703619,292.85307227853343
58400,-296.45862532831995,292.850693870559
58500,-296.4411389477197,301.95112416236043
58600,-311.4582194114998,310.5270934257355
58700,-323.8094578322448,300.02080966188714
58800,-323.1124908945469,298.69052312398196
58900,-325.4737703087306,300.8880257990178
59000,-303.2556954102221,304.0062023951992
59100,-340.2487692195555,301.47692150862616
59200,-325.01045929851244,290.4169611790543
59300,-327.6228805240747,293.0805414931758
59400,-307.3426836435037,298.72533449417807
59500,-316.693375226973,296.1749710476947
59600,-300.95360961730404,291.0040564743054
59700,-290.959451642054,278.92900761310887
59800,-313.90204117131947,288.9302804832816
59900,-312.3309073475034,283.0275966439981
60000,-315.88458264146954,290.5678410509637
60100,-308.65813922577865,296.3400726952574
60200,-302.7636919201156,296.8653238499337
60300,-323.3464953060091,306.62114333990337
60400,-301.62584772782265,299.13145449396444
60500,-319.46218520135807,308.55992660952194
60600,-302.1484007020806,309.2476336270592
60700,-315.11359464435594,307.5841578282934
60800,-292.8513088604139,303.93688733157194
60900,-335.2080060679819,299.83323774475195
61000,-288.8895420864208,292.9142447817592
61100,-328.7601979279735,299.9655942679442
61200,-314.6364122815678,302.9343303533188
61300,-291.86197954553353,287.54262702999307
61400,-309.9555312996769,277.56985727452667
61500,-320.89073799528705,280.224653046974
61600,-319.71443220961237,292.12418520047527
61700,-316.3651093958077,286.53284070198913
61800,-306.2537511153896,285.39261833892385
61900,-307.4577452015677,292.73276867414563
62000,-317.68011514720524,297.9250125054191
62100,-320.5966389010757,297.7087326139478
62200,-309.39905291493574,288.6514858040317
62300,-318.6566526427004,299.66354848468495
62400,-295.1856587786712,296.57571977085877
62500,-326.4391988085355,294.6735341504878
62600,-288.61384738411874,288.289865152794
62700,-299.32069636192597,285.0651921942996
62800,-314.8847284523814,293.2801618162105
62900,-301.66484680924646,296.886007254771
63000,-304.9105870886391,301.9100165621607
63100,-320.6777511124519,305.8630558675197
63200,-306.9456893157573,305.59137474046645
63300,-342.5120474419198,304.9217182095986
63400,-294.1336389756081,302.7935471831162
63500,-312.6581139240412,302.8992042114412
63600,-319.24725725205957,299.5091503531962
63700,-322.6437196417464,297.82011989699663
63800,-331.804320322002,304.42185360130827
63900,-313.20088445836706,302.6268713912919
64000,-295.66514864258926,297.2712729206216
64100,-293.0141428466084,305.1133780973076
64200,-303.2699154009177,314.75908059805596
64300,-289.7610711850224,309.98277760119043
64400,-303.3896244188914,304.22516234906476
64500,-303.8269485075845,303.04163599851375
64600,-301.59364155547087,301.5026265026005
64700,-301.8971452378002,296.5859826894498
64800,-304.03138272234486,298.6939470355989
64900,-323.0113742408537,298.5143960402598
65000,-318.05003404200255,301.8766049794681
65100,-310.3302189392224,309.09889388437136
65200,-293.67533117552676,313.13877190533816
65300,-313.49438336023115,305.95510571011187
65400,-298.7717977158898,300.1851514287203
65500,-334.13151106969104,296.36728790117684
65600,-306.5721083573114,294.955136482811
65700,-319.1498278647616,304.62399170269515
65800,-329.6043700818325,308.13435990008605
65900,-305.21520526371893,298.0285620582154
66000,-334.4860024236982,295.28170559435546
66100,-342.08804334563166,305.9574444567184
66200,-331.4692874011166,301.79394805673877
66300,-318.72961547369715,292.35522349129855
66400,-309.68888801717185,284.35263034517686
66500,-327.6155903873361,283.86482869529436
66600,-343.1263986407044,281.526403527539
66700,-325.9175976311357,279.54290921818836
66800,-351.27383212457374,284.13242282033275
66900,-293.80750431525735,285.9299091365363
67000,-338.7253843638834,301.9314762813553
67100,-306.36679678236675,292.0035780238955
67200,-303.63288783053287,299.139315929866
67300,-305.85668962363917,291.5843950822712
67400,-284.25327092752775,299.71029073971715
67500,-299.93201212225324,298.32679723737755
67600,-332.148977204582,306.6143801163684
67700,-306.7024013794282,303.31910292375693
67800,-293.92823399735784,301.52852209283805
67900,-303.42398634483783,306.4688527600833
68000,-305.4458114837601,295.12799363575164
68100,-303.1117678290041,283.0024685239776
68200,-316.29785206203684,287.218358449062
68300,-297.4506789822055,279.6727158371323
68400,-316.753761153461,290.63447874295247
68500,-315.29872021671395,286.7160414710997
68600,-316.0547073931696,293.9708734343079
68700,-303.24047308017913,292.4006145325907
68800,-320.0992829167844,295.09125118025713
68900,-312.14219043499,286.78868911698333
69000,-315.3213040978013,285.4923013701183
69100,-313.20365478967454,287.85799965751073
69200,-328.2848015013287,288.3260967268802
69300,-336.42007234856453,290.88430692614406
69400,-327.32831390583743,291.29454828066866
69500,-333.6907462298347,295.751607316337
69600,-316.0392895807054,303.898684317628
69700,-339.9646873313635,310.2912863299799
69800,-348.0301903014144,300.8375770761862
69900,-340.57776959028524,289.3141348719063
70000,-334.31034588622515,282.7629802824583
70100,-348.3833673764362,290.3898579857101
70200,-327.1921739344728,283.98781588929825
70300,-315.96988113452454,285.615745662033
70400,-325.91870644124106,292.48698327938484
70500,-344.3992126911177,299.1909443450648
70600,-319.34169461027744,289.67541067614417
70700,-335.5818960708424,291.546969198241
70800,-328.67374240039095,294.52294852460574
70900,-323.31524236887145,288.15962737590667
71000,-313.5270284898203,286.51013425347065
71100,-306.69985103477,299.8531315685021
71200,-325.82174292006806,303.1027760194863
71300,-340.32184584820874,304.22408645086216
71400,-330.2065893118918,306.80985490337025
71500,-308.81901626886923,317.45585373083327
71600,-351.06139973074283,318.4668196261768
71700,-336.82188550614404,314.7807969765281
71800,-323.36293726446036,307.8757913263599
71900,-356.5337344617714,305.8296999567666
72000,-324.67348654111026,305.2031553734845
72100,-339.27754214646217,308.1170166628026
72200,-337.04054342959637,311.1675449934244
72300,-349.2849611784337,299.74512679255076
72400,-315.8225681146596,288.2603383331203
72500,-332.6425241919437,303.17861268337685
72600,-336.8487282782174,306.6832919583186
72700,-316.6438743636092,294.88194473062464
72800,-333.2949681709608,304.24708694472446
72900,-346.2464434907037,293.9567793457703
73000,-335.84502056183817,295.90975916243286
73100,-344.369566795269,285.82359127351054
73200,-345.07666790471893,283.5376686172503
73300,-338.0355444010123,277.1613962363357
73400,-353.6156072981446,282.25529777146255
73500,-355.08686142084895,279.96164486865047
73600,-323.36200725873385,296.42515494412936
73700,-332.88777681336893,295.30244680745193
73800,-323.3004403441453,288.7927785986468
73900,-329.3145647625308,286.4803531843004
74000,-324.66616651461453,300.2158039304537
74100,-329.8609668091674,292.9872238787897
74200,-311.8396055127284,287.31846424433553
74300,-315.84442052272965,298.6667863038624
74400,-318.5850476207448,303.2060077416333
74500,-328.3620219800618,296.82958693506737
74600,-322.9274541539785,284.87818120562866
74700,-332.8406817638173,292.95882073119174
74800,-315.9833330616827,291.4495214345315
74900,-316.3522213300764,292.0507915542495
75000,-320.79712776510524,288.3661622323319
75100,-310.6251292171945,293.18248224928743
75200,-342.23617401006294,295.14077268374103
75300,-312.7279939190147,302.55065607602154
75400,-335.3811183081427,306.3827015379753
75500,-319.68587931156156,308.5193696438167
75600,-318.8460174498688,308.840546073417
75700,-309.09305438522637,305.6820004553039
75800,-325.44297194325793,296.2095941519407
75900,-309.3926577811224,290.86496640821963
76000,-326.47874614488325,293.178924842472
76100,-303.9114124225284,294.00980868352644
76200,-305.49738950172804,281.91732230103054
76300,-308.60890410920723,277.7865274944062
76400,-325.7629857674878,287.2033089419397
76500,-315.7276810309479,286.92855220079895
76600,-311.6705721959176,283.01870379952055
76700,-325.6101264044534,289.5608506942595
76800,-298.9122400314173,295.99131202773015
76900,-313.4309018252372,305.6726635985024
77000,-317.56565526901466,304.8620286804926
77100,-312.2995556235572,300.512749755318
77200,-326.11510904351087,308.120995734055
77300,-308.9485306808277,303.0093308621609
77400,-333.4698376743565,298.40711260139346
77500,-312.045751236999,298.685065528869
77600,-305.78754071533723,294.883601231075
77700,-293.1196343968658,295.3565288172912
77800,-324.32328122915453,302.51794832901163
77900,-313.6979248576977,295.34259417133177
78000,-326.01804001863417,300.14163993953554
78100,-319.1010619479206,299.6494515749767
78200,-305.83210333042774,300.29398650106856
78300,-314.2729964338021,299.6151539670259
78400,-294.6888363513482,290.14328377824825
78500,-300.3424604239896,294.1018821624131
78600,-320.97624931513707,290.747563429292
78700,-306.03489777992576,291.6870117555045
78800,-321.0816783399838,296.22464659705815
78900,-315.2471232614141,299.8997913304656
79000,-326.89663887311553,299.2509789778548
79100,-319.2947243386879,291.24327497371667
79200,-313.4184165463309,280.8645729438835
79300,-301.3908256177699,291.29034827186683
79400,-293.6193282316849,285.8613293568428
79500,-309.53879418542925,288.4355132811326
79600,-311.6352061200942,287.76170612105426
79700,-292.7574623891434,293.56439261151905
79800,-309.047964029732,301.4100640628954
79900,-312.59971991044785,304.04287063128254
80000,-308.32709117297907,307.44406847442406
80100,-339.33696005254393,307.840200359134
80200,-337.6950834013948,308.0166381020729
80300,-326.71531626380835,309.90677807603123
80400,-334.2259120945291,308.20995488672315
80500,-335.71858730455466,302.9982563764231
80600,-325.1216735886916,302.5550751230241
80700,-305.5912533756187,305.8864623825528
80800,-326.00767993201725,309.30507780521515
80900,-294.82536694012464,298.25380441859
81000,-325.3544403385126,305.0269237314022
81100,-327.359256372212,305.99134905622486
81200,-342.412656315261,304.58943042117136
81300,-322.5768344379824,290.3250265210442
81400,-346.971290509085,297.3665161382375
81500,-320.48604547455164,302.4383727820688
81600,-336.7689253357361,303.5615846145323
81700,-320.05939764073077,300.77751011581495
81800,-330.9000702671274,305.4995612695832
81900,-332.8019522354658,308.2241931055327
82000,-321.58386023633926,308.1081323226116
82100,-322.66271423308655,305.9909234044151
82200,-309.2208376231676,312.4465837301611
82300,-311.5050558757054,306.9120149691527
82400,-316.40581836104803,304.0013627564477
82500,-327.27065415437977,298.95919079331395
82600,-342.6852404382,305.45764581190286
82700,-296.1694439407692,298.9236302015269
82800,-321.30260161424684,296.9476490971826
82900,-303.0567338418885,298.1297700505272
83000,-301.69885950443853,307.5436716447427
83100,-306.96828651840775,306.9602486716368
83200,-310.4032507293192,301.49085496398015
83300,-296.5477268978707,295.51658787472076
83400,-297.05018063555434,289.64514423874266
83500,-290.4423984130363,284.9922619495607
83600,-329.79319004543396,294.565245388111
83700,-330.63493063566204,291.9289886262639
83800,-324.9772197965847,291.8255977785376
83900,-332.5705313243344,301.8140205362185
84000,-342.48033142045574,308.84156760591674
84100,-331.6636480816092,299.110747518602
84200,-345.0295866060338,300.74163337854327
84300,-309.9434730679805,299.37556121608714
84400,-326.35925399530066,299.01036992882865
84500,-318.7128424991788,290.2315658409578
84600,-316.04688680094034,282.0008123625734
84700,-344.02247761307154,284.170249999772
84800,-348.44026559097875,289.02605996771507
84900,-354.20247765588334,295.08669570512785
85000,-340.4190981036235,300.9955840024338
85100,-304.8218409785604,281.12076435575074
85200,-353.39303325604726,288.49116355014587
85300,-337.180669654827,291.8902496789723
85400,-346.8408413328977,293.71672711694595
85500,-326.7768471426131,292.56522628442093
85600,-321.0562403829604,296.08120407745156
85700,-306.59715276973384,290.48851645196714
85800,-300.33848832511075,297.10333439179925
85900,-309.7906270227066,289.6975037704454
86000,-305.60380590220024,305.9339860197208
86100,-305.21569124618793,302.43317694164847
86200,-322.04891220384394,299.6215687911515
86300,-285.14356385538144,299.8723918395521
86400,-335.3002692612462,302.3104886221722
86500,-333.6836456073268,294.5853532750455
86600,-320.04525856236245,290.50389214668354
86700,-315.00490819410913,281.06695373028725
86800,-343.0816325630353,288.0548011384335
86900,-335.5403207573481,283.7432231873715
87000,-327.3270672695101,288.35635419567177
87100,-327.94260577473983,286.95669800508745
87200,-296.8521406249108,291.2915525268533
87300,-327.80069180282015,294.3481650428858
87400,-308.8097032924794,295.97976449973964
87500,-333.84588103687605,303.30912111574844
87600,-310.14030792730813,298.82898856966176
87700,-321.51539257095,299.7492487599931
87800,-314.58972122758274,297.87067654815127
87900,-307.2719736037352,301.74737209450075
88000,-310.9846972635805,297.2056161171549
88100,-297.10565638986685,310.53715116618633
88200,-300.49460777665365,306.02139454627735
88300,-263.7497108561905,309.12412328336524
88400,-293.1016395599572,304.62846960914106
88500,-267.76327618470924,297.58585174817483
88600,-293.8329102204704,279.32775222989983
88700,-286.69317348391274,281.99226125037313
88800,-305.7969245983381,281.19264163144226
88900,-301.5600155226767,288.45397892636856
89000,-298.12262843524866,288.2663234953634
89100,-323.1561836453349,284.5978006155052
89200,-326.43808728899666,284.09128435228723
89300,-317.99821160352684,286.4835724511943
89400,-324.42995093354375,303.41511700276806
89500,-323.594634696141,297.2093293532106
89600,-329.7767780324871,289.29770402727434
89700,-313.7140544260847,290.31095004035734
89800,-304.1970354794366,292.6182811285726
89900,-293.55604157565347,301.82241260376594
90000,-305.0478680009051,301.7396264491318
90100,-292.81235056382263,293.38310096635183
90200,-302.3936760504975,294.19802658892905
90300,-297.79216882919513,296.0816359493384
90400,-309.37867595046845,297.2543535576931
90500,-301.85076010985716,303.659301042997
90600,-318.2431477724646,304.802490988187
90700,-321.04655853271555,294.82648145206133
90800,-288.1598924061971,293.69188086318917
90900,-334.7515129891182,302.9579978746286
91000,-333.74514323704005,294.14796521006485
91100,-335.58075978292,298.904307478078
91200,-334.07146154910544,297.0833704176598
91300,-335.81711328789146,294.2027998485731
91400,-313.99691338895605,296.1660533728521
91500,-320.73290285188676,299.9492437739877
91600,-312.04926160045767,299.97815986708406
91700,-319.43416736819364,307.17590689408974
91800,-294.06000060523655,306.16882695883436
91900,-307.1034535357817,306.720407506413
92000,-316.117815139759,303.48701930871243
92100,-307.27011652681483,308.3811631051201
92200,-304.3389522800373,306.9654287991009
92300,-291.97344891351133,305.50083128837184
92400,-298.5693028587874,299.40605298111996
92500,-328.4245659415323,296.71644694757356
92600,-300.09361443313816,289.5235740539143
92700,-297.3860397091423,290.54860084892107
92800,-311.69780103584145,298.4290079222911
92900,-284.6486365337627,294.53034453717623
93000,-319.50439928339466,295.5983290329811
93100,-309.2279436084853,295.7507154297868
93200,-307.4615444327497,289.77500810279764
93300,-303.38008275148593,305.763397571508
93400,-272.9673231989142,299.27591646546745
93500,-308.5590160893641,296.6069310489761
93600,-318.14584783629635,300.67343879075054
93700,-301.00975008834376,293.69397566548906
93800,-336.5173670270912,293.2966919509147
93900,-330.85678560194714,295.3170287928081
94000,-322.04016107821764,299.5462488005612
94100,-325.71558898341885,303.81184318173075
94200,-317.4682417323707,302.73831507012795
94300,-308.7666248507907,302.6970932194914
94400,-312.15637672128224,297.8267388051388
94500,-314.78830393474016,304.77319056855004
94600,-319.840495784794,299.39485858428685
94700,-307.42504517010644,301.93715005169014
94800,-318.8532320416309,298.0209972277889
94900,-310.0697094570827,290.7472951248813
95000,-318.34233628195983,281.1543519002291
95100,-330.42415823757034,283.88822874888046
95200,-314.35717643915433,288.2542203519826
95300,-340.6426185318301,293.00046790029205
95400,-315.59613257512126,305.14794797821946
95500,-321.3922827345747,295.27507130913347
95600,-330.3583763032392,287.42749445559247
95700,-338.42640694455963,298.5236963567671
95800,-351.69839535672065,293.8398290192125
95900,-310.5216946989353,290.87736223508864
96000,-320.9629857901187,292.5981646722246
96100,-349.2442394352198,287.42095229508357
96200,-309.42033718581587,290.21898557775205
96300,-305.67942735781907,288.2896998533244
96400,-319.21076793230253,292.33817739234735
96500,-323.8560310585871,302.51911002577236
96600,-315.6204447577333,297.879476530605
96700,-333.8889551801214,291.8373031391825
96800,-335.936841221806,290.435712884419
96900,-334.92050419982655,295.4992979362463
97000,-333.8932574968479,298.7138141245559
97100,-317.8878919857914,300.70077751816336
97200,-320.8783569442904,300.4189570016316
97300,-333.76363839411266,294.68967980025104
97400,-307.824689875419,295.27710453248443
97500,-326.55016481791785,307.36837118316083
97600,-328.56952284988,296.680798435058
97700,-305.0159584036191,309.7334912248347
97800,-317.0003639931278,303.4083149257477
97900,-322.1729615677427,304.0398464317606
98000,-317.05514919284565,294.4980022098072
98100,-319.7461284297928,295.08707780567437
98200,-326.4352723723549,291.70746588222136
98300,-320.4038761650403,284.28294674625874
98400,-326.8630939471838,295.64957626874383
98500,-306.7972357148016,301.15120188664207
98600,-307.57575208572524,294.8109718927831
98700,-312.3586195864756,297.4393751791987
98800,-304.6664629821737,295.4869287953058
98900,-278.60809330480595,295.77241699914185
99000,-287.7567839243673,294.2299110894012
99100,-285.45823358243956,296.53059184135145
99200,-287.76542653906245,280.14057779786475
99300,-283.97428619754254,283.2714446541413
99400,-288.78028893980587,288.2583617070459
99500,-283.719280082231,289.17362764358217
99600,-289.99274240984386,296.5758594255955
99700,-297.32138384684765,292.8025584377764
99800,-308.21777706083975,290.7673655632538
99900,-301.71261120509143,292.7864746377404
100000,-295.27187579597603,294.4442235310542
