# x [nm]    y [nm]    z [nm]
0.000000000000000000e+00 0.000000000000000000e+00 0.000000000000000000e+00
1.353035768036432197e-02 4.909094976579835706e-02 -4.071147530417983385e-01
8.866493368103821326e-03 5.076567362391454924e-02 -5.065880184695449318e-01
2.072801286397490256e-02 8.663076422000953736e-02 -4.931997938466745612e-01
3.172460106644971189e-02 1.068982232890515610e-01 -3.950394207466439433e-01
3.476822881928802456e-02 1.301975490564693805e-01 -3.159323160668404684e-01
7.562320531966731929e-02 1.247205589918578827e-01 -2.101669686720322727e-01
1.081924925801040077e-01 1.229356498608589338e-01 -1.749786266928352318e-01
1.075234280901317813e-01 1.033977003375806114e-01 -1.430757223837090808e-01
1.231985426587118709e-01 9.217643871745123674e-02 -1.052208300501227961e-01
1.685880093257760559e-01 8.100465658859058726e-02 -6.440278502900845248e-02
1.837452651891049449e-01 5.211473179459467919e-02 -5.552536333838750671e-02
1.897900744641282667e-01 5.034054723856674907e-02 -2.550324041803191805e-02
2.206111825436580243e-01 2.781749673439870216e-02 -1.504501040730583938e-03
2.095902728239041890e-01 1.111307451493124682e-01 -7.095692000171013314e-01
2.196347001269171595e-01 1.585630846019336071e-01 -9.021511533669243077e-01
2.263872842344437086e-01 1.862425254040253608e-01 -8.585081711574683583e-01
2.443218723489111732e-01 1.873269767582962930e-01 -7.282195704939370406e-01
2.527159453178138282e-01 1.673604286627962956e-01 -5.944436412867977193e-01
2.839890622379308560e-01 1.571966489602997785e-01 -4.651539908792122757e-01
3.195286263072352750e-01 1.594052358152546200e-01 -3.589062464833733812e-01
3.603306482624493712e-01 1.589213384969319631e-01 -2.939781547195334799e-01
3.678956251504905683e-01 1.548229537286971713e-01 -2.451808088341126957e-01
3.589495808803022658e-01 1.616425028149323928e-01 -1.755705782008473159e-01
3.636846554915866281e-01 1.391768540434034918e-01 -1.260313237804218389e-01
3.630161497435235862e-01 1.215391992139037425e-01 -8.979950572474414139e-02
3.958731667833849110e-01 1.139177784573545960e-01 -7.148511168053013620e-02
3.781067883527560181e-01 1.232048771266342074e-01 -5.226814072690559587e-02
3.929274849207682885e-01 8.945513724553860735e-02 -1.949727463280808565e-02
4.026012003601386890e-01 7.557075711304478416e-02 -6.523493636623348135e-02
4.075961379114658723e-01 6.845723375428298951e-02 -5.215070847800930276e-02
4.406319940049306938e-01 3.560923800961635771e-02 -5.496463067447845269e-02
4.915149501479072480e-01 8.664058837395155477e-03 2.524629239891333921e-01
4.448620974928614857e-01 1.075154693813262369e-01 4.619492372739962271e-01
4.556858611915489687e-01 1.786919666648475458e-01 4.708798237691006472e-01
4.688056904228207755e-01 2.119575100444565929e-01 4.008172241117692325e-01
4.640961644101806449e-01 2.241001812132956683e-01 2.901984090167019081e-01
4.696406356575069663e-01 2.388712145834463174e-01 2.223475259015036398e-01
4.552737200310870702e-01 2.656111790721534804e-01 1.826405989979511535e-01
4.238247295800346981e-01 3.288147352477463481e-01 1.725817139625722696e-01
4.069097432833262418e-01 3.340407404779670575e-01 1.771104181868318472e-01
3.919316631252399707e-01 3.630072176954246554e-01 1.435804559805060054e-01
3.956709082090283935e-01 3.837794171873987192e-01 1.054877419163087887e-01
4.050371316473488914e-01 4.205966427654861950e-01 1.081802878031916659e-01
4.134695279677627622e-01 4.268882826906201799e-01 1.054399695372584267e-01
4.239783394594993648e-01 4.210333351145486014e-01 8.544594100290495153e-02
4.041356455157549821e-01 4.275456564807814108e-01 9.367086572751116835e-02
3.976568903709570280e-01 4.349362598876749808e-01 7.610903528191886869e-02
3.866704775564931973e-01 4.489396707939802278e-01 1.066537805435915226e-01
3.780074789660178292e-01 4.146550986341335232e-01 7.204627586140399664e-02
3.448916735558776869e-01 4.315822329674601776e-01 9.136792549738391445e-02
3.543986495397833947e-01 4.141368168234428326e-01 5.636643382702764132e-02
3.569080140911810584e-01 4.209168905403455896e-01 -3.343479183959886109e-02
3.696271778805441666e-01 4.182704216301798006e-01 -9.196016677355323132e-02
3.523811532473641317e-01 4.278896884742722229e-01 -1.067817151956526461e-01
3.297676356245811125e-01 4.401316318279589468e-01 -8.728255128273403052e-02
3.325602455990699369e-01 4.244918698509212440e-01 -8.173070607993285219e-02
3.375508758417157806e-01 4.331758016902353958e-01 -7.787904998055857064e-02
3.545567783609691048e-01 4.065358959490829593e-01 -4.744875665734335501e-02
3.492075554626472011e-01 3.825894620326959483e-01 -4.023465234812997199e-02
3.285532601704606037e-01 3.668721965389265538e-01 -3.194259838343330854e-02
3.081481952698145177e-01 3.417391151983821262e-01 -1.251562174675926661e-02
2.927068351136111746e-01 2.989541160318010538e-01 2.954108287189449733e-01
2.899369762153403141e-01 2.727407403064689984e-01 3.655855589548608342e-01
2.767014587396050551e-01 2.997470976776575591e-01 3.350206103519237089e-01
2.664243549691820423e-01 3.352244176799893394e-01 2.873561224002194048e-01
2.626162127833342463e-01 3.418032340878467967e-01 2.307587911932379721e-01
2.620680905461453269e-01 3.463212832720418688e-01 1.967201476574959862e-01
2.497473820384509546e-01 3.386082175989458820e-01 1.503506454358691791e-01
2.581135896915637828e-01 3.526732432674377637e-01 1.072437633239626265e-01
2.812128047521255669e-01 3.244756791691940645e-01 5.244283715901043585e-02
2.857377578958641418e-01 3.403182634161324716e-01 5.438223056917164400e-03
2.663313789590577296e-01 3.676699123904081934e-01 -2.421607820012327550e-01
2.678898505262831131e-01 3.910289117221658062e-01 -3.139599775467610820e-01
2.587479758761309090e-01 3.760598722462252241e-01 -2.933905420735654634e-01
2.451718661996668269e-01 3.693761820099342730e-01 -2.353606709119983875e-01
2.355424158141002922e-01 3.838876940302144436e-01 -1.851330776279588308e-01
2.341187940740079854e-01 3.858775393897674877e-01 -1.201064681427169434e-01
2.580971801632335749e-01 4.191302240424403802e-01 -9.109860056380016113e-02
2.508639939179565514e-01 4.252480285037922303e-01 -6.397402158884615830e-02
2.452445630680193667e-01 4.310390661207592622e-01 -6.305362363068015008e-02
2.435010218794777248e-01 4.227662223863092317e-01 -3.520140330295175313e-02
2.523977279630217341e-01 4.328371900669639172e-01 -3.270690307880790015e-02
2.615875883326631013e-01 4.215058803181277458e-01 -4.523517677183119812e-02
2.543049358810586802e-01 4.194457746061885373e-01 -2.250427364020229568e-02
2.466593750934485962e-01 4.006798058093800630e-01 -1.706504939249394240e-02
2.386748801846619583e-01 3.972570922328683141e-01 9.147278739270146841e-04
2.348279698602062926e-01 3.888528048563564266e-01 1.731890326511147937e-01
2.581518608630784528e-01 3.966806219300599290e-01 2.046562183043246219e-01
2.835956822340325867e-01 3.677852801580770437e-01 1.635578045485305831e-01
2.921821454743758761e-01 3.574378265975866609e-01 1.149619140586803923e-01
3.161680448255398401e-01 3.499429284323195555e-01 7.808664328180045522e-02
3.065347810796408834e-01 3.866446659185825974e-01 1.494121467811634352e-01
2.906868253808935210e-01 3.946168554378921001e-01 1.517119801600812501e-01
2.884506903387997756e-01 3.800399696368915170e-01 1.423640433422134199e-01
2.845752899728092866e-01 3.592392137401638763e-01 1.285418705910149617e-01
2.661085688239561153e-01 3.520538555923436452e-01 1.165154180816552060e-01
2.723913060447885615e-01 3.408451094651974156e-01 8.269145918686432450e-02
2.563095825256601068e-01 3.573205721451473971e-01 9.420482826841977686e-02
2.761786592206335600e-01 3.500119029739273135e-01 9.870149245983768360e-02
2.685651555688818859e-01 3.365531070394376933e-01 8.526255342182410824e-02
2.511598603690527454e-01 3.298808999493598182e-01 9.258521159388838351e-02
2.041632388529799058e-01 3.393224388209172826e-01 6.572373911904770549e-02
1.869027788468308193e-01 3.536552910119739601e-01 6.937643901418462378e-02
2.050115047372596810e-01 3.539851859192238437e-01 3.823446083653761485e-02
1.922251484517636944e-01 3.795586292318488542e-01 -4.229948350800795398e-03
1.743417641681020425e-01 3.853804525848968932e-01 2.899922545770379223e-01
1.761501567348609520e-01 4.185178479321674527e-01 3.555943407050755622e-01
2.005078850755916964e-01 4.083300775161440299e-01 3.352199727151793929e-01
2.080215703192724030e-01 3.989981172133965637e-01 3.023682937272428317e-01
2.024290583963829215e-01 4.025539405237045787e-01 2.476526376642575189e-01
1.894963693184510689e-01 4.006118551638299663e-01 2.188834813986256511e-01
2.413252553353464613e-01 2.354165756679093835e-01 1.011093261579720376e-01
2.263224102386438563e-01 2.635892972271619561e-01 1.448613056883341355e-01
2.120589136473888525e-01 2.976169073806994025e-01 1.326352950451205603e-01
2.051977406751936683e-01 3.070442799463604655e-01 9.078698573213826728e-02
1.823827356175861114e-01 3.363278761128092320e-01 7.326585845856084522e-02
1.653033892089302015e-01 3.636079692978843592e-01 5.907028838242407015e-02
1.972033012367409022e-01 3.568241299369777075e-01 2.788712332380118702e-02
1.969977433760586316e-01 3.870302622301188267e-01 1.448480971676890244e-03
1.820641607824365626e-01 3.829430424623614382e-01 1.311581828932268656e-01
1.760098706446055761e-01 3.945661174811598282e-01 1.811960710403321684e-01
1.916771768551538413e-01 3.664453348673372135e-01 1.414278106794659429e-01
1.773788767149924728e-01 3.192719988420542609e-01 1.051644840232876243e-01
1.801244197708001538e-01 2.661119097430474922e-01 7.260615480139503974e-02
1.562178194004150145e-01 2.694873629506780999e-01 1.984436773411554777e-01
1.420497122477562546e-01 2.690593843550782571e-01 2.409810161288254982e-01
1.395522683039877032e-01 2.446223937743100540e-01 2.310915461079662281e-01
1.548393733316127119e-01 2.367623673451967337e-01 1.929325191342249890e-01
1.771773545120557403e-01 2.351694427167461132e-01 1.462759594649606920e-01
1.824604419466084870e-01 2.644861363084283212e-01 8.752251688931096674e-02
1.682481322367396226e-01 2.915172137745976055e-01 7.844278607472666975e-02
1.860893116297027139e-01 3.132800107196385131e-01 5.251747382892342497e-02
1.376886651531449290e-01 4.197452477720114983e-01 1.799984400018951880e-01
1.615220795027242917e-01 4.573371660451520659e-01 1.893470513370102415e-01
1.675909463466551952e-01 4.696898085900200193e-01 1.437457416668667665e-01
1.440127854637436866e-01 4.504465365460558202e-01 1.308805598194519859e-01
1.427892870894327537e-01 4.452919032413952261e-01 9.726078909540578077e-02
1.506597908592597346e-01 4.451263537075531018e-01 9.766203500028385054e-02
1.585182653403651443e-01 4.393720048243679455e-01 9.491705745680110995e-02
1.834873009271748845e-01 4.074412654970736014e-01 1.052165077951674743e-01
2.047929659848199135e-01 3.786264927972918248e-01 1.182819437785121858e-01
2.348263807530399927e-01 3.516098108817354850e-01 1.314898072211249380e-01
2.134251807973513160e-01 3.418408905159328603e-01 1.343318270435333306e-01
2.225892087931595209e-01 3.484991142173403111e-01 1.128015479069627014e-01
2.322305234045052846e-01 3.448781875414491660e-01 9.510886915849574297e-02
2.466585777595179663e-01 3.148435236812726079e-01 6.500144862364826137e-02
1.979920607129038723e-01 3.584821541749504958e-01 2.071146045246616274e-01
2.002598857393901033e-01 3.753899173192244421e-01 2.455176003421558895e-01
2.172015299841235092e-01 2.482079081694059663e-01 1.479309768292411675e-01
2.250219729915399758e-01 1.994314493529969756e-01 7.936395406378761452e-02
2.084713939664942228e-01 2.327569698932338560e-01 -3.392359139207519469e-02
1.987477918529283738e-01 2.330177240090363089e-01 -7.319658211939610026e-02
1.847532025784131282e-01 2.305164651059653513e-01 -6.428970810250211887e-02
1.789883860355415135e-01 2.168695602564262026e-01 -3.938865633022878288e-02
2.062135484931298390e-01 1.996872068291485058e-01 -4.632985525695210161e-02
2.284147346652238564e-01 1.980205748634623619e-01 -3.441233799055527093e-02
2.557802140248567890e-01 1.510021971958170617e-01 2.219361469105099460e-01
2.846841367061309080e-01 1.233830135136653738e-01 3.324657001824514180e-01
3.017929824640177561e-01 1.331371723807044383e-01 3.190072224683519475e-01
3.258262881494793373e-01 1.533849226648583419e-01 2.626894941165913155e-01
3.180539953552476429e-01 1.705267085836392749e-01 1.898231327325779483e-01
3.034208710939725329e-01 2.000471137651452513e-01 1.993354984477646308e-01
2.902677535750792792e-01 2.199100826990141588e-01 1.980013748394022499e-01
2.708113789052368769e-01 2.420582424054779358e-01 1.739530967571363274e-01
2.852405428555187528e-01 2.906198697796604780e-01 1.704488006202967976e-01
3.063909229180903360e-01 3.001622585022147294e-01 1.648854045532877899e-01
3.331553779075775434e-01 2.937439034385786463e-01 1.489497078463653812e-01
3.621302705572269076e-01 2.782677363839514695e-01 1.198323348571911917e-01
3.446981558768917320e-01 3.336138186748821566e-01 1.864014034723266711e-01
3.252946749649168745e-01 3.565855516603246289e-01 1.804903598652745078e-01
2.889612522874034362e-01 3.351691127684542360e-01 1.766949532963184299e-01
2.983613466571626849e-01 3.032195681935420106e-01 1.554803537660401358e-01
3.168334244542601597e-01 2.855797758481727344e-01 1.429390884257392413e-01
3.059580485459623134e-01 3.060711591974524248e-01 1.601862542260945044e-01
2.861215433055066537e-01 3.089387334832547904e-01 1.405837544265426953e-01
2.755676917411393201e-01 2.858891774779857564e-01 1.127356571871391822e-01
2.736049923215352342e-01 2.862077530845399953e-01 7.992849493116649384e-02
2.166004012301345483e-01 3.764103652956056201e-01 2.069499147012854590e-01
2.036558321271507432e-01 4.283803727392932470e-01 2.342944324111216892e-01
2.047059858059037396e-01 4.473365584420047059e-01 2.326781796229377697e-01
2.101735064767411565e-01 4.161216403881741188e-01 2.007596953739061441e-01
2.577045445186497696e-01 2.013256111496462275e-01 6.279756549923828923e-02
2.203830169232069980e-01 2.087160832765170282e-01 1.843813431754428855e-01
2.186459973485952724e-01 2.255935627885319594e-01 1.805039296956804096e-01
2.232358222575934747e-01 2.257457572485931652e-01 1.754540465191044007e-01
2.066349469289902596e-01 2.181340035112904752e-01 1.712712120303712948e-01
1.914262395475454792e-01 2.150332575306888594e-01 1.553652844356028795e-01
1.514596874190006770e-01 2.355234736577373755e-01 1.675411344077940012e-01
1.227689326117913926e-01 2.699277224502444339e-01 1.545146166730477222e-01
1.233056294831942901e-01 2.627424126017909312e-01 1.468548797536985417e-01
1.299261786096035376e-01 2.568566544240872274e-01 1.363347867647747846e-01
1.756817526818963415e-01 2.437366006854921607e-01 1.244773607941100091e-01
1.835863071534365176e-01 2.389460943479249921e-01 1.286132029919767605e-01
1.642189877235532003e-01 2.291223433513560892e-01 1.195878995096973374e-01
1.550825717451044528e-01 2.420684461994581649e-01 1.147255505783316976e-01
1.454745950657858056e-01 2.518210195460481304e-01 1.005056906633761404e-01
1.403783452472683047e-01 2.347252705775624837e-01 8.371301305354203470e-02
1.303381972438186764e-01 2.470920131106989492e-01 1.006832658615175180e-01
1.345734570200166069e-01 2.463846270451862386e-01 1.032120284882835914e-01
1.133848470753616861e-01 2.454063091938637753e-01 9.773001621975620223e-02
1.050729862642739987e-01 2.677881514790041440e-01 7.255696075215206653e-02
1.225612048708716040e-01 2.752037411445656945e-01 6.912002150801796474e-02
1.097807176509367072e-01 2.951850820278271170e-01 9.557847341972380839e-02
1.109762533584617294e-01 3.027934447214312708e-01 8.677728386597066690e-02
1.606161265036573360e-01 2.746810251960661864e-01 3.210324400947191931e-02
1.560181096878610063e-01 3.640978143088640651e-01 2.010914543928768727e-01
1.669773313868875564e-01 3.866950349796788311e-01 2.154559757261743924e-01
1.940391127482096467e-01 2.691563998738311092e-01 1.077903021322955540e-01
2.057941513113527854e-01 2.362730261661074582e-01 6.625888220499756565e-02
1.749271576487199387e-01 2.772817262050957798e-01 4.059194925553177846e-03
1.847537527158756576e-01 2.811561220826632734e-01 -2.769518981821888493e-01
1.856398855694230410e-01 2.750662807689530087e-01 -3.301659869626811239e-01
1.827454843906515802e-01 2.795847894267177169e-01 -2.990032404593653825e-01
1.751509472818422453e-01 2.880030071933702973e-01 -2.563481593245503509e-01
1.696284242460868730e-01 2.636576150412744401e-01 -2.354682034634480725e-01
1.620111574692383316e-01 2.607057835046995287e-01 -2.004794387048784987e-01
1.535219503156193266e-01 2.554108466790157572e-01 -1.631607575340420224e-01
1.227424660444599025e-01 2.623854738296750866e-01 -1.640742453915428611e-01
1.230248807557474122e-01 2.789162985793484650e-01 -1.462158643858023355e-01
1.206664966909031383e-01 2.945902721497863364e-01 -1.026211351850229436e-01
1.172102016909199601e-01 3.135417118019022675e-01 -1.071169692180102273e-01
9.212534014384202163e-02 2.965258720611989030e-01 -9.624236858201805356e-02
9.764965520413561306e-02 3.291015785335042465e-01 -9.523103721065734328e-02
1.129348657879198775e-01 3.666523418086872210e-01 -7.788197736619405231e-02
1.014977405529936677e-01 3.997173640199993550e-01 -7.440992051639699900e-02
9.328707267093880318e-02 4.086321852542299515e-01 -6.350832875201060934e-02
9.096852859968453109e-02 4.203718585741769154e-01 -2.630918457350545775e-02
9.677208224532818370e-02 4.150353751900224819e-01 -1.747268029515570281e-03
9.712217309568343948e-02 4.171672003531487483e-01 3.113767702635928392e-01
1.039076770507157688e-01 4.236782651129417654e-01 3.913533312291108679e-01
1.014473707774884575e-01 4.514994919384793803e-01 3.871113688511412243e-01
9.022010486522187567e-02 4.471688995817707513e-01 3.276382147159170311e-01
5.421080805580848205e-02 4.491469335063508206e-01 2.548561249984747090e-01
4.748279265909634284e-02 4.375331082629070889e-01 1.973177837192394424e-01
6.024079824915171133e-02 4.556745082585018647e-01 1.550417265964215141e-01
5.473937966082007001e-02 4.451956931356824687e-01 1.174206183086569377e-01
7.468769042381166734e-02 4.525559252224757856e-01 8.255738235343648701e-02
1.037501066558092211e-01 2.857424771911686312e-01 -3.531580486288490861e-02
1.078181425930636594e-01 2.229994594799273866e-01 -7.641629073242238446e-02
1.004826961887321651e-01 2.088978835318028859e-01 -5.452114915122097116e-02
1.050708482790842779e-01 2.040143390082825303e-01 -2.473655912515204669e-02
1.272211934126211696e-01 1.896424964806582292e-01 1.953231142592460612e-01
1.577188901933791187e-01 1.479741918426702163e-01 2.520147510498439436e-01
1.549099048782969223e-01 1.484857594185585716e-01 2.238767346090774768e-01
1.567244291822419977e-01 1.374368158486792280e-01 1.948467051261151273e-01
1.606558576894304424e-01 1.422300395560169572e-01 1.866976588104121981e-01
1.723221128782226885e-01 1.884889352761236758e-01 1.800953443261648912e-01
2.060479124987495414e-01 2.205975815571502019e-01 1.696991288840314360e-01
2.250780862605121779e-01 2.257546376159384749e-01 1.557352863117222042e-01
2.221156139523726702e-01 2.271972604609323876e-01 1.382247202805987063e-01
2.071843652834709226e-01 2.472731556180550183e-01 1.073058811262904561e-01
1.883974806992045059e-01 2.525022030551442587e-01 7.877356515773450973e-02
1.357755697066566070e-01 3.225178589213993918e-01 1.765009764405863768e-01
1.101382945881728692e-01 3.507409155432378300e-01 2.083722202976654170e-01
9.855443237547793778e-02 3.605072920064840702e-01 1.722291154859150464e-01
9.816055911080684426e-02 3.751592779421782375e-01 1.329161865498576789e-01
9.134416228026426277e-02 3.712312506413120161e-01 8.140928047864763595e-02
8.199052638472889565e-02 3.369377583012082011e-01 5.346761479864044209e-02
1.036330011468435675e-01 3.072073082129183619e-01 2.090775799334661927e-02
9.262431815787533496e-02 3.815531616915990853e-01 1.173640919778489444e-01
9.973270688571468645e-02 4.074794542823870769e-01 1.505455317809618609e-01
1.255125553214394007e-01 2.865290320643268940e-01 5.104755394321072726e-02
7.912505594783006413e-02 2.984573052439430385e-01 1.293718454859074107e-01
5.440930194750898119e-02 3.203476148824072611e-01 1.533269247468232177e-01
3.934051668186502870e-02 3.186016822179961738e-01 1.431741332211282081e-01
2.389232865354728313e-02 3.204766474289133527e-01 1.266530109377423663e-01
4.144065332048729039e-02 3.342051777314704042e-01 1.086912370046633353e-01
8.048838694811212557e-02 3.265079963684037745e-01 8.579248617473236860e-02
7.016335975885083787e-02 3.429071976152484602e-01 6.867953080501412733e-02
7.218794730999916753e-02 3.428521109109979315e-01 5.528812359103807417e-02
8.857081382636691758e-02 2.911774771485473035e-01 2.959558514762206105e-03
1.233365063613221790e-01 3.090270520102176288e-01 -1.192582549383206236e-01
1.345340051270914050e-01 3.316803538972304399e-01 -1.489476409225266862e-01
1.371682809141538950e-01 3.319822294943813312e-01 -1.683221037233874062e-01
1.348809694047783947e-01 3.273248504548958437e-01 -1.632936693749983681e-01
9.837077107530001197e-02 3.309195175430060254e-01 -1.487298653399478643e-01
1.044079824136416451e-01 3.433319743005162072e-01 -1.179127714992642545e-01
1.042834595465566838e-01 3.883118383947283814e-01 -7.995938010682138164e-02
8.712183481220175940e-02 4.130472792641214363e-01 -4.290687419270029085e-02
9.205259901726345340e-02 4.112864027714592807e-01 -2.445877078355838605e-02
1.196427138230946596e-01 3.978878602966973155e-01 -1.545751530258551026e-02
1.496320952499570756e-01 3.958249741708360081e-01 -1.286497958824139344e-02
1.747185341312625650e-01 4.057601805528000538e-01 -6.000199294429566996e-03
1.907305036887453342e-01 3.949150499983763996e-01 3.091837513895531742e-01
2.088976651055440004e-01 3.865128965390014493e-01 3.776736863444797310e-01
2.090497645187000819e-01 4.112993122139034230e-01 3.271474897143121785e-01
2.127072419186576691e-01 4.106187824286480770e-01 2.788616364685662097e-01
2.324999674215093570e-01 4.350084738977697540e-01 2.237692328339428993e-01
2.034678121584595212e-01 4.404404820359867911e-01 1.804250410586893949e-01
1.860457126123238325e-01 4.406541863727368447e-01 1.320464045682830656e-01
2.057056563397318405e-01 2.953219764552411086e-01 5.043717553617751981e-02
1.837232618034556619e-01 2.631015014129226559e-01 -2.082505880506144158e-02
2.009711844906656719e-01 2.259801245434870653e-01 2.091363250033606846e-01
1.955742067109261240e-01 2.162369676112405326e-01 2.708474738542453464e-01
1.821804420890664467e-01 2.217826901381725058e-01 2.404132743847000597e-01
1.836551105778526094e-01 2.396932083418751580e-01 2.236055785907823390e-01
1.810747485498529208e-01 2.422119457966949718e-01 1.891987311605653199e-01
1.719494970365434416e-01 2.397599625369916110e-01 1.877962585598121070e-01
1.681448282690391760e-01 2.535683391906246031e-01 1.569152981657360169e-01
1.593705361186114056e-01 2.347531013143570322e-01 1.304972818894899744e-01
1.573426737798373221e-01 2.144858631503014645e-01 1.416579527586732112e-01
1.585278417902408477e-01 1.908130388285961265e-01 1.260952228121863528e-01
1.390515602880462998e-01 2.113872319524466303e-01 1.124173485798000555e-01
1.022586132923993529e-01 2.350906957113381712e-01 1.158226272799712658e-01
1.261097701268405480e-01 2.307287493947181856e-01 9.069157491159635098e-02
1.269942118647175988e-01 2.371737903868980646e-01 8.367821582952701676e-02
1.484025744259067359e-01 2.507743578429623144e-01 8.815864737292679332e-02
1.754906791488554385e-01 2.689183264419883201e-01 9.406451639225923977e-02
1.991186148724363725e-01 2.872951141047943580e-01 9.140759823095795378e-02
1.817685199126315432e-01 3.078590270421667774e-01 8.691745610927881227e-02
1.700768822107715239e-01 3.083575357170639797e-01 9.543560205259211948e-02
1.924884447533185272e-01 2.996826667020751622e-01 7.622525766575025119e-02
1.893468651193539742e-01 3.163736180200935055e-01 1.005719178734064967e-01
1.763265409401490458e-01 3.387418963217193046e-01 6.930349544350622448e-02
1.631002807516027109e-01 3.318468143695377792e-01 -1.831203182069474078e-03
1.713783796920266833e-01 3.147373500816367797e-01 7.636152141402620386e-02
1.528068760706589591e-01 3.138255909056255621e-01 8.789395272689365379e-02
1.514894945704515772e-01 2.811101482234225069e-01 9.490599136899645349e-02
1.522479213900560790e-01 2.723164823378122490e-01 9.305992149167888194e-02
1.317735302346380588e-01 2.755690311846339946e-01 7.474748107648364337e-02
1.114498208128035239e-01 2.746814486077638340e-01 4.888974673044985120e-02
6.848056532864843504e-02 3.422930830736655716e-01 1.789655078387140663e-01
6.431454067481512382e-02 3.617976799645541419e-01 2.248009372097656833e-01
1.026547266922454571e-01 1.799349846375110640e-01 7.933765550866261895e-02
8.408239434035931492e-02 2.101057147833015337e-01 2.136767792292051105e-01
1.022823792538497256e-01 2.275404078062032709e-01 2.427521097610947920e-01
9.871697468060676439e-02 2.459193698807035089e-01 2.162590973071306100e-01
9.291163926671877626e-02 2.642704731706181365e-01 1.463678829570616569e-01
1.076503490800003737e-01 2.797630455236906899e-01 1.032547413276265758e-01
1.286257403173770852e-01 2.734319583527110020e-01 5.003916842280105304e-02
1.136594796221946507e-01 3.058092948793358357e-01 -9.408967942880368251e-03
1.366278390106354657e-01 2.781682317212639255e-01 1.876349538149665319e-01
1.377529936269931143e-01 2.916106384710431820e-01 2.519743503284481712e-01
1.429992263380163997e-01 2.930265066688184095e-01 2.328365676795285388e-01
1.639815217730125063e-01 3.114270337817154344e-01 2.310139432115639324e-01
1.720158015317893307e-01 3.256169127115466910e-01 1.974307442255459899e-01
1.847224322604920088e-01 3.391951063441688285e-01 1.557448827594290486e-01
1.765167389897297767e-01 3.572798675040297911e-01 1.300309374920493033e-01
1.630845873954963055e-01 3.959045886833879591e-01 9.361090463199142619e-02
1.493853208282668876e-01 4.235926677889950143e-01 9.873993569554539995e-02
1.607212228721343894e-01 4.260964621541644681e-01 9.252009992321198750e-02
1.514055326076944874e-01 4.367023252161875702e-01 7.773712053880328654e-02
1.437304973910856487e-01 4.564942210004454548e-01 8.243505307646821489e-02
1.484402878259054592e-01 4.570002045896574550e-01 9.016023313902767067e-02
1.713857040865243431e-01 3.953705450569964808e-01 2.434719783942654314e-02
1.723419791213171293e-01 3.775180061568893519e-01 -1.616203509301982616e-02
1.667781896579250411e-01 3.722137562855173387e-01 -3.658528625023567404e-02
1.620673901288227636e-01 3.731639133262501518e-01 -1.724930354286589168e-02
1.583430807805683294e-01 3.723974038257634733e-01 1.455221905439602059e-02
1.688717724830444966e-01 4.194515324951492707e-01 -6.908019290812791868e-03
1.400022695201071365e-01 4.208348428174637501e-01 2.817321193459622619e-01
1.173481381580242788e-01 4.374988808147300956e-01 3.336711081416217084e-01
9.629511758006600863e-02 4.592114809465785430e-01 2.967824566345867998e-01
7.387775857441264415e-02 4.661445961673375549e-01 2.406059338467360920e-01
6.839278570000209556e-02 4.752516201819629860e-01 2.006620135375621339e-01
4.685248917464260310e-02 4.702115760297138625e-01 1.671378481506508307e-01
3.379990011668669581e-02 4.501099032681881718e-01 1.339988871931817871e-01
5.007623986065835864e-02 4.287782627284295600e-01 1.133074277657657031e-01
1.115532658582184533e-01 2.660140760966525075e-01 2.994331318999010616e-03
1.165340297978457729e-01 2.677555946810665222e-01 -2.064106864078590897e-01
1.048203163449652059e-01 2.702132650494136756e-01 -2.429765371473597557e-01
9.964137718022816892e-02 2.657252922768332803e-01 -2.334089650650589542e-01
8.991612312494179360e-02 2.714875181021152994e-01 -2.068709824340011494e-01
8.962451685773221988e-02 2.777080700726328732e-01 -1.612867861350570364e-01
1.048063376699317345e-01 2.792493192226166432e-01 -1.116149352409990247e-01
1.205763007346387916e-01 2.830796936302315547e-01 -5.638788230726578948e-02
1.298894596076438368e-01 2.923604740361884224e-01 -1.074862562061914412e-02
1.407708788002953737e-01 3.048025681121647734e-01 2.453448612590697631e-01
1.564200149667909490e-01 2.896581608607395331e-01 3.112125902552513868e-01
1.507187771749469996e-01 3.137311646686485878e-01 2.903115836123752458e-01
1.592433052921797265e-01 2.945880329683183696e-01 2.364582225259163339e-01
1.783736348373066438e-01 3.058165866919710374e-01 2.061806218676386915e-01
1.902758368255058063e-01 3.072678443721215125e-01 1.717878523237970911e-01
1.973222801428360929e-01 3.091328537804721721e-01 1.330941724146412486e-01
1.804581685059387652e-01 2.578385661067611467e-01 8.797693229026901096e-02
1.701997512574813520e-01 2.521498104933433404e-01 9.140268496967741962e-02
1.587844384828396849e-01 2.652777362570317710e-01 8.546031641118997935e-02
1.233642197942599050e-01 2.711622333793022865e-01 7.789382504740333113e-02
9.285458506405737389e-02 2.866042057306549817e-01 8.804463926387184891e-02
1.242525829800970039e-01 2.865337052172188259e-01 5.796553741450016783e-02
1.472617475338976190e-01 3.057670005788249434e-01 9.009344037325384136e-02
1.745368112782839931e-01 2.940558430680292323e-01 8.578152520483869892e-02
1.670649668408813460e-01 2.924551902835652029e-01 9.099047457296198516e-02
1.583602466582332557e-01 2.795942844752779544e-01 7.469216289505262174e-02
1.379876836652814687e-01 2.718041143243482560e-01 9.155156789497961856e-02
1.385965822933298564e-01 2.861091217519526886e-01 9.804561481987840443e-02
1.311338206631632031e-01 3.138487639985921840e-01 8.861069017768695433e-02
1.231923458822110629e-01 3.272232223939106066e-01 3.719649102425593573e-02
1.072294398702712676e-01 3.493385673643226719e-01 3.522350281046703752e-02
8.768437083782992802e-02 3.477707310454805079e-01 2.594825280121751052e-02
6.151495981556877324e-02 3.398811536090455276e-01 5.775474428945274324e-03
2.839030118725081181e-02 3.668250897072790062e-01 -5.807781852881123419e-02
7.727752547422733070e-03 4.042514885168457806e-01 -5.050326180724858116e-02
5.343347370150038252e-03 4.303971667018841041e-01 -5.194724239483182460e-02
5.705835855265298066e-03 4.207203704210831230e-01 -4.672912494311670661e-02
2.966067618508843456e-02 4.198832805766279930e-01 8.749173602524577820e-03
6.271228065980143096e-02 4.099872576969668114e-01 7.415113815267832496e-03
8.484583105879825449e-02 3.805961083706725923e-01 -3.916619461046253609e-02
1.241494478970002202e-01 3.732645128014517311e-01 -6.488832156481857960e-02
1.508524756912194009e-01 3.722142554285417515e-01 -5.474651621014109404e-02
1.336219542531979776e-01 3.670488633241380527e-01 -8.585375130290315293e-02
1.415830756111328137e-01 3.874128143026738802e-01 -5.101937331785736524e-02
1.220732173246592833e-01 3.806432527845262648e-01 -2.747481611077073893e-03
1.425839128837165237e-01 3.795896402133450143e-01 3.113968000776370926e-01
1.448087439857284886e-01 3.995559967016408809e-01 3.948817555432925230e-01
1.326485890137695800e-01 4.359045273051234126e-01 3.780899284225085477e-01
1.164593726081611658e-01 4.437400793231945362e-01 2.989755569482800412e-01
9.998646040314881911e-02 4.386720012461439722e-01 2.506309489103182297e-01
7.884682019511980722e-02 4.144598499457889940e-01 1.782734166302914203e-01
6.486600594028742173e-02 4.140001114928796300e-01 1.406603941197529795e-01
8.083921507009930729e-02 2.682546110646646387e-01 2.489179898270689473e-02
6.430201020514875188e-02 3.083546294397759846e-01 1.075808080897203006e-01
4.563739158082941172e-02 3.248604169877263304e-01 1.249569130202158596e-01
8.926683481855809954e-03 3.332828958747184878e-01 1.255650289737952896e-01
-2.049644475077172859e-02 3.282565808914797989e-01 1.314451629550303091e-01
-2.782583823750824081e-02 3.274564763269458001e-01 1.347938469230089698e-01
-3.273761861501532644e-02 3.012879903700642070e-01 1.283963152350407477e-01
-2.186048893790173281e-02 2.903496073198995053e-01 1.013017615285828482e-01
-3.206153457342222901e-03 2.987117234504045316e-01 9.826090438229438673e-02
-4.698795224645307966e-03 2.927605010525920481e-01 1.024312092567736532e-01
3.551815170937165297e-03 2.953487220767100907e-01 9.579931388783149981e-02
1.294047473340621118e-02 2.910479158716196002e-01 1.024733352091354577e-01
3.924353494961548006e-02 2.726368783461758372e-01 9.920940935045631515e-02
2.851585133501723102e-02 2.805756511629583505e-01 9.391850436751358888e-02
3.260140381607749133e-02 2.844521535777734811e-01 9.176593469596391883e-02
3.492706229984784277e-02 2.687946253383662332e-01 1.030116810241429731e-01
5.181666628546233166e-02 2.680159478081420299e-01 1.137577499978884576e-01
5.701178262786234241e-02 2.650638814042277080e-01 1.358085480516089127e-01
6.425060568881139911e-02 2.778953181335324096e-01 1.327601484808103027e-01
8.362991390835702865e-02 2.882534203521043281e-01 1.077969001338460464e-01
7.029417859461022100e-02 3.104089773614790437e-01 6.765492809765924487e-02
1.233460726988003103e-01 3.114628288713665039e-01 5.276557636671163481e-02
1.328942002442565773e-01 3.273971865529877179e-01 4.988534581861858719e-02
1.507716706348738167e-01 3.166999270106947706e-01 5.945284612069726832e-02
1.264342030589746813e-01 3.191948964154564528e-01 6.987389640789995471e-02
1.212222535850800142e-01 3.200408894040041030e-01 4.335446297697960472e-02
9.870205211560167946e-02 3.574196752980476344e-01 9.004074168856401883e-02
1.033618126681373622e-01 3.590969593045730268e-01 1.011612411231132547e-01
1.193942078739684554e-01 3.375645696230286097e-01 1.070421912930566294e-01
1.079695015606435965e-01 3.288509019759099927e-01 9.675549148784268194e-02
9.785889260326607886e-02 3.573050846818184856e-01 8.520822650100773332e-02
7.703619425420066280e-02 3.856464854864131153e-01 6.660933546813774253e-02
6.729452387710606331e-02 3.866035163212030445e-01 6.800091199015942389e-02
5.426868632228391831e-02 3.914566797747486837e-01 9.148647419836761219e-02
4.826872690683849110e-02 3.990818321793059842e-01 7.146190582152155135e-02
4.229335447907607570e-02 3.844226536068118261e-01 7.672478709487569326e-02
9.281176300204738161e-03 4.007631736202274531e-01 5.135037337759891518e-02
-2.040356030214695443e-04 4.235456451182691984e-01 7.259562160921875784e-02
-5.888429561286255901e-03 4.218224234744207268e-01 8.703584817289197750e-02
9.262603548822913660e-03 3.352368392829427890e-01 6.049381721478369611e-04
1.600207659617015887e-02 2.968083516093148466e-01 1.450408252131832332e-01
2.698610003898628540e-02 2.830479162530468717e-01 1.701794229248690948e-01
3.347807503314095129e-02 2.816348371646793525e-01 1.406358963637996673e-01
3.416152291541937197e-02 2.875878511929996773e-01 1.101206584912442082e-01
2.420141010647970312e-02 2.812559346382556003e-01 1.307510611834956649e-01
3.990087063988649596e-02 2.734443391980071469e-01 1.609563761292276129e-01
4.631237054964591066e-02 2.635838663059247855e-01 1.498164606375431696e-01
4.004629033834061769e-02 2.623091601863646871e-01 1.531749389004239403e-01
5.021886197131789770e-02 2.165203569024177765e-01 1.373489546170200137e-01
5.727034247942870693e-02 1.890844773342987006e-01 1.080510129787949497e-01
6.781837206381569061e-02 1.918257894150857679e-01 8.658886404140249404e-02
2.738498943974795180e-02 1.987629547994559098e-01 9.893773539946144890e-02
5.031809941850391710e-02 1.980135779361135440e-01 5.532284611928939277e-02
-1.701081328165028606e-02 3.169081922805710994e-01 2.956694130187793590e-01
-2.802477605238253705e-02 3.654260000654523943e-01 3.534459016010053634e-01
-1.451825583480118725e-03 3.784591799870589135e-01 3.402111811320949752e-01
1.224340053008035265e-02 3.781218870210152905e-01 2.785605504885889094e-01
2.067238905263146104e-02 3.968563018534005948e-01 2.244852813439558448e-01
1.522417328401631277e-02 4.081230730476465562e-01 1.876746879685543268e-01
4.729564654202888380e-02 4.065809587736478048e-01 1.698987917464987174e-01
6.307855761297674613e-02 4.229621938643440826e-01 1.474394359288614398e-01
5.493513532814766481e-02 4.528627853894719446e-01 1.310262353901768262e-01
3.364653648830043947e-02 4.542561637059846502e-01 9.700169617206916284e-02
2.439151984352884439e-02 4.578723481147606855e-01 7.310209343192260179e-02
1.609632410055564233e-02 4.575813865918749723e-01 6.412295356414711434e-02
1.195621937501302467e-02 4.649559505650682212e-01 3.945700628971589297e-02
5.655264132127056642e-02 3.490019878264569164e-01 -1.001749943436996276e-01
9.171781380726629074e-02 3.183395542497138297e-01 -1.319124426252406279e-01
1.079047233472350542e-01 3.195161532196227339e-01 -1.039007412400709263e-01
1.160221836445015642e-01 3.212685795158023438e-01 -6.600312361517227111e-02
1.054532593944726981e-01 3.157987230983569371e-01 -2.996218824510851059e-02
1.092916686387149783e-01 2.989699752479660910e-01 -1.902184687007604097e-02
7.188890912001569267e-02 2.519883930097987501e-01 2.240015675356322455e-01
7.831503866211016185e-02 2.352288399110388506e-01 2.882296313412258115e-01
8.553934217450487321e-02 2.403770964360141260e-01 2.814204144461750490e-01
9.481874184420858998e-02 2.691600089781374106e-01 2.498943668712158284e-01
1.029732730702366122e-01 2.744864406653826916e-01 2.315279042671507803e-01
1.037235370137187807e-01 2.776105310541245874e-01 1.836616047040080524e-01
1.190874301267253327e-01 2.868522327084680468e-01 1.559237990765077186e-01
1.294835300209863649e-01 2.862623976137756432e-01 1.670220942867314262e-01
1.378947389493157261e-01 2.646620394267943932e-01 1.427989310792549815e-01
1.498748030797125430e-01 2.398987308519654471e-01 1.186482081884775164e-01
1.420756123308216379e-01 2.204630954022088751e-01 9.161562807955397902e-02
1.105904834126228697e-01 2.354904760372735217e-01 1.076792900916695717e-01
7.337899178807530398e-02 2.430445467840518792e-01 1.283692718142013800e-01
6.180750569172861059e-02 2.603537082151529680e-01 1.194280548623875560e-01
3.619305729567755259e-02 2.428464589232240955e-01 1.146139496708160621e-01
2.449778252494408393e-02 2.191651687693147443e-01 1.087518575513247016e-01
-6.966560524306768254e-03 1.964675818259303264e-01 7.285273394530852875e-02
-3.365078022416392867e-02 1.927449889758927615e-01 3.847059003861360432e-02
-1.275843088986133023e-01 3.340591240428155140e-01 4.272625292577246769e-01
-1.628925547757522629e-01 4.189260955344376036e-01 4.873618507333555283e-01
-1.768580959364373650e-01 4.769982075286040568e-01 4.462839156000679708e-01
-1.779719069178685997e-01 5.003503266788903447e-01 3.666343701355686546e-01
-1.822050657750470815e-01 5.029362319177217433e-01 2.964691857962106214e-01
-1.697448841284095455e-01 5.125768027511161673e-01 2.196444865443164807e-01
-1.724193841110727154e-01 5.416344962040690048e-01 1.565429451136761130e-01
-1.631385412302789328e-01 5.497461748171483809e-01 1.263716111971241451e-01
-1.491448153552583644e-01 5.482729988935031162e-01 5.760803070038741924e-02
-1.487203033211333680e-01 5.228054385098059864e-01 3.883889484315311558e-02
-1.221184821804440768e-01 5.318321393696561206e-01 7.614322982411728113e-03
-1.272638070723504933e-01 5.188369386028441888e-01 -1.394925768221697004e-02
-1.262634984706329788e-01 5.284818645847036978e-01 -1.025405550819061401e-01
-1.198289789829438123e-01 5.468891226837927499e-01 -1.305743951272643200e-01
-1.283908427348820769e-01 5.448932123362095759e-01 -1.173904818227671509e-01
-1.378326844234242232e-01 5.534481885552560154e-01 -1.192551586897944854e-01
-1.460943151901535619e-01 5.474849481755265090e-01 -1.308171602262750144e-01
-1.868539201846529940e-01 5.289767563630795033e-01 -1.154478386560167380e-01
-2.349622788158631237e-01 5.438386707543259035e-01 -7.827145510972918774e-02
-2.970992483880504631e-01 6.322086786737843855e-01 1.927993353544206478e-01
-3.204187657173296899e-01 6.419925299858357803e-01 2.702905266660030059e-01
-3.565486660291026788e-01 6.209748451680029424e-01 2.652902542837756728e-01
-3.838330275477227493e-01 5.855189099979010159e-01 2.288796824112539485e-01
-4.229729663690778851e-01 5.541342258166849222e-01 1.704212963556816229e-01
-4.334314590255106125e-01 5.434494925482608041e-01 1.140526044641358427e-01
-4.657420418522304484e-01 5.537734465276609175e-01 7.493062482571095917e-02
-4.769450525385915962e-01 5.504887591864799923e-01 5.080291547520882078e-02
-4.825156158640271920e-01 5.385691396052509905e-01 4.470231319145067522e-02
-4.866494179243666673e-01 5.543298895900432566e-01 3.553589047866587830e-02
-4.942703290309515829e-01 5.459179830904196118e-01 1.453550789549006017e-02
-4.669348894204662370e-01 5.429914002440228149e-01 2.827431968262947987e-02
-4.398774872076403608e-01 5.378433535625705142e-01 3.821399312500270429e-02
-4.141786494437676436e-01 5.121986251234882381e-01 2.429376822290952101e-02
-4.036443315908921359e-01 5.077271483320261458e-01 2.919557186965668696e-02
-3.794648810145914708e-01 5.248818185714769768e-01 1.141031245291728238e-02
-3.523016321876037971e-01 5.305430316016392922e-01 8.753531541109244377e-03
-3.376443646685586830e-01 5.147880420231312204e-01 1.410039500097106172e-02
-3.228723845746168664e-01 5.301216735749301190e-01 3.600989291395283523e-03
-2.951462981969391053e-01 5.238558371911603562e-01 -1.923340909148645583e-01
-2.925682752019244104e-01 5.106025963273215229e-01 -2.582201090886646067e-01
-2.854818701677382942e-01 5.188531938466468540e-01 -2.472581143962701289e-01
-2.547142045373634867e-01 5.344733977413259618e-01 -2.035925237440143198e-01
-2.228633906883282223e-01 4.925882437806750613e-01 -1.547505803890628640e-01
-2.009642192608397382e-01 4.790618216494778037e-01 -1.165935336274218637e-01
-2.053072159200097779e-01 4.839003302364884851e-01 -9.388827727153772895e-02
-2.081001493412424630e-01 4.631333436479589949e-01 -9.005470265669320018e-02
-2.040818017641993498e-01 4.564904204358656292e-01 -8.363219477601273322e-02
-1.860941792674982165e-01 4.517382071552658585e-01 -8.275494664028509861e-02
-1.767578336533028316e-01 4.507209154223223435e-01 -4.735972824268470938e-02
-1.661541583409185396e-01 4.383637211090908870e-01 -4.641777295502072520e-02
-1.610673631027673414e-01 4.338073585113872976e-01 -3.375738163257639701e-02
-2.092033014237383026e-01 5.216369488485506078e-01 2.444050978872297497e-01
-2.586671785515914923e-01 5.583457743405272344e-01 3.260345094742816419e-01
-2.712557436744241213e-01 5.590755520783817767e-01 3.143969054472364744e-01
-2.920693654684470841e-01 5.515577891028849988e-01 2.679425963165362190e-01
-2.842520689078730789e-01 5.365982251019419946e-01 2.142137472912359619e-01
-2.611168617153916682e-01 5.471304632285322045e-01 1.795890339650165202e-01
-2.578258778451964495e-01 5.574665984815652120e-01 1.497102211038051078e-01
-2.285757966954726494e-01 5.406582184704155081e-01 1.155850631077740276e-01
-2.235027805295195513e-01 5.383325791853782460e-01 8.491317450126473210e-02
-1.959781554313912988e-01 5.468236455424227982e-01 5.857595042357646720e-02
-1.874105940933932513e-01 5.521498047341815152e-01 3.801458468452344891e-02
-1.800984702373168989e-01 5.372687723020341810e-01 1.978833757238885813e-02
-1.708143296075085582e-01 5.166606284286330286e-01 -6.232796097514408523e-03
-1.529726709096420056e-01 5.063795275651618022e-01 -1.715034057899387510e-01
-1.519411496734626721e-01 4.941234596047097138e-01 -1.938996514526186432e-01
-1.535463593340987976e-01 4.693751490259708836e-01 -1.669211217267549396e-01
-1.557057620722840374e-01 4.586203929782876054e-01 -1.543583160917186836e-01
-1.475225697144238735e-01 4.634804704153586696e-01 -1.565232116225422354e-01
-1.384925026243906954e-01 4.589801607518996240e-01 -1.242108976252682961e-01
-1.155417666212731481e-01 4.638592554235077547e-01 -1.128387802240784499e-01
-1.039885206192987660e-01 4.769360076001317172e-01 -9.976856216917134867e-02
-1.032444565539782783e-01 5.053071136755959980e-01 -7.847739099920417183e-02
-8.141282176589904884e-02 5.085877756722750886e-01 -6.644630221637308487e-02
-7.285788226348922925e-02 5.045271719020034684e-01 -2.672212682329101058e-02
-6.392860747116448084e-02 5.355808863293910482e-01 9.427051725965851503e-02
-7.715658464673173789e-02 5.238561124674536718e-01 1.568216315749087486e-01
-7.635550605506563615e-02 5.495632381399555566e-01 1.739528360575582633e-01
-4.954784941728557213e-02 5.521359767680709130e-01 1.767362372238351353e-01
-3.805518552882476008e-02 5.597317755965842689e-01 1.741215203459499650e-01
-3.847817671987741744e-02 5.396898654877488877e-01 1.576382063764109054e-01
-2.377666011007468702e-02 5.348739748164893504e-01 1.257950886636324817e-01
-1.415259195734131815e-02 5.265045074003044112e-01 1.057961968225901855e-01
-1.004786151642703129e-02 5.230134635896314110e-01 5.333250833812794300e-02
-2.297015791642256083e-02 5.415881385888177135e-01 4.072811578539788091e-02
-9.909212577436309413e-03 5.258210499216955380e-01 3.603171716929084306e-02
-1.613470034747848184e-02 4.945398025649747620e-01 4.975605299723646208e-03
-2.333853898402663690e-02 4.685629194319702040e-01 -4.742198120373503079e-02
-3.393735421609556796e-02 4.306526008401176386e-01 -6.776178346299274735e-02
-2.161458154460852571e-02 4.107450316283293712e-01 -5.638817924211466520e-02
-2.601919982143811871e-02 4.064319544708588916e-01 -3.924597382029269138e-02
-3.805789926063510298e-02 4.215790215753612569e-01 -1.081665590680274541e-02
-7.242963281337223835e-02 5.166533443619302224e-01 2.442778944247843698e-01
-8.567338109805378021e-02 5.545407199891968508e-01 3.100923946422047273e-01
-9.872143671261199294e-02 5.663872364364415102e-01 2.961389584491251892e-01
-1.062551261921010487e-01 5.479132082739319731e-01 2.638466269753930726e-01
-1.204546622354234486e-01 5.290583446954419955e-01 2.073508378897875870e-01
-1.300571861879417923e-01 5.218633983750214922e-01 1.852329130745984376e-01
-1.596627830883521615e-01 5.261938090728256467e-01 1.398581625751295077e-01
-1.811430486324218658e-01 5.391164147112152971e-01 1.041677628261353517e-01
-1.863669498652831824e-01 5.207099429903155885e-01 6.922848381565226139e-02
-1.735775404720950599e-01 5.176518187379614000e-01 4.940234098949585623e-02
-1.953990412163069401e-01 4.972158419506744198e-01 3.300883803685591977e-02
-2.028068054993689695e-01 4.897669138672646749e-01 1.149842913770178152e-02
-1.910402010519612337e-01 4.938016943159067029e-01 4.112375690355642155e-02
-1.565642405808008175e-01 4.944466917501588732e-01 2.680278105346897699e-02
-1.316246848424027227e-01 4.971863033220001449e-01 3.134282432585022010e-03
-1.356584941200462968e-01 4.984106179659161806e-01 -3.006256950592642307e-01
-1.498082061141435550e-01 4.949874888858562527e-01 -3.719745790190983059e-01
-1.565879119743918968e-01 4.989327989953227238e-01 -3.443790638286766681e-01
-1.573907381981562714e-01 4.901739135362116473e-01 -2.877182906069771229e-01
-1.704807563055637520e-01 4.862185860324950148e-01 -2.339179085012054737e-01
-1.933206331630335228e-01 4.893961127132729905e-01 -1.627015967667731489e-01
-1.852616421533700986e-01 4.787361415743553450e-01 -1.055879163022510614e-01
-1.792456729672750604e-01 4.516034847110248496e-01 -6.221650725079620747e-02
-1.659163228933798750e-01 4.736694564974182620e-01 -1.934376034747189305e-02
-1.797650613258603425e-01 4.827794001540100521e-01 -9.589956601374383105e-02
-1.684147627857074114e-01 4.653625422707233783e-01 -1.148555613536504927e-01
-1.717629798392847629e-01 4.490497540243977292e-01 -1.103205535730521492e-01
-1.724652526290955112e-01 4.503828590233928675e-01 -7.362587888023501559e-02
-1.625692101322528949e-01 4.501662753904153158e-01 -4.457861485231434662e-02
-1.628195101397330591e-01 4.651143446465598186e-01 -5.867915200150475991e-02
-1.621449198201692643e-01 4.780244634279258165e-01 -2.713025876798658836e-02
-1.812316654126353843e-01 4.915445949796053426e-01 4.396145559551310061e-02
-1.931476829223937042e-01 4.859682379859474044e-01 3.241345938319230291e-02
-2.056895295850993954e-01 5.080809613543835201e-01 5.022634499403499236e-03
-2.096878977572527170e-01 4.999565900278928887e-01 -2.414467823665324142e-01
-2.267411734728266293e-01 4.841881345957589344e-01 -2.970083696283662422e-01
-2.431521334725660899e-01 4.831100354004069786e-01 -2.952822923459578197e-01
-2.473979112402031610e-01 5.007775198280149942e-01 -2.271761179655084062e-01
-2.273579492210517639e-01 5.289199645894602231e-01 -1.713177234248756120e-01
-2.246471742844803055e-01 5.383714025897754496e-01 -1.350915018113399702e-01
-2.095510637428291412e-01 5.203918873997084305e-01 -1.155486958576641410e-01
-2.090451418253098104e-01 5.175960190666694105e-01 -8.386091493554530263e-02
-2.057179439692144451e-01 5.111503303190274572e-01 -5.973209257066014466e-02
-2.178717579310304742e-01 5.661768728010033724e-01 1.725152373432350394e-01
-2.181516191366967283e-01 5.779052169762999291e-01 2.605871991097143403e-01
-2.235039872194907185e-01 5.733137278008528792e-01 2.697960549333767166e-01
-2.320555998860232005e-01 5.607996577181453279e-01 2.445077594688594147e-01
-2.304712700403510339e-01 5.350137937431560520e-01 1.945112171445239901e-01
-2.243617688604882532e-01 5.384041654608358041e-01 1.525174053821092279e-01
-1.934864818008139586e-01 5.615653962718017977e-01 1.362613940063919227e-01
-1.880910324785560472e-01 5.761867593518853470e-01 1.352062182421245040e-01
-2.056085681248820407e-01 5.815352882921678290e-01 1.206951224877463591e-01
-2.313937339551726813e-01 5.746307599966569146e-01 1.069140132969678691e-01
-2.360771579580369928e-01 5.607540013645933019e-01 8.492204734199174099e-02
-2.500113562372450193e-01 5.285058398921907985e-01 7.469340612800898227e-02
-2.462307525962525723e-01 5.181898431538980443e-01 5.618876444599077424e-02
-2.259039600067989928e-01 5.051660363149529376e-01 6.352748767955625209e-02
-2.340725433104901831e-01 4.981457651666799102e-01 5.327297062841524627e-02
-2.338455478684768885e-01 4.962014495000731662e-01 2.437095706845522625e-02
-2.527912834577066281e-01 5.026488547210683500e-01 1.989627607156718020e-03
-2.618165301188769001e-01 5.111250174207179198e-01 -2.177005871097619227e-01
-2.909024169710625607e-01 5.109043212576818149e-01 -2.821022200466561380e-01
-2.810226706195644852e-01 4.960533490825292935e-01 -2.599624515649815448e-01
-2.603940417463126433e-01 5.082396909025120868e-01 -2.359139216342314715e-01
-2.221069358242513947e-01 5.205282301834408543e-01 -1.923618048258624036e-01
-2.070532847073800753e-01 5.137292200982481738e-01 -1.251749491459834274e-01
-1.988266679138487592e-01 4.901634272910819767e-01 -1.087101709028271690e-01
-2.066830529726265964e-01 4.651686359491713496e-01 -5.067785435021868179e-02
-2.463558132209852092e-01 5.335702934501986849e-01 2.226044496423772168e-01
-2.387794309045747909e-01 5.458397050092088643e-01 2.724178823094399182e-01
-2.361983403852274954e-01 5.356085566537190923e-01 2.448314995994443632e-01
-2.338497952671194091e-01 5.215750791213854543e-01 1.798807274789632205e-01
-2.344810829102587646e-01 5.191444070608925987e-01 1.411399866940435399e-01
-2.204322391908138390e-01 5.264344998030738854e-01 1.186336978630581629e-01
-1.829058599635003113e-01 5.167195806575632933e-01 8.704202728997059713e-02
-1.602858102271713103e-01 4.941069563317892488e-01 8.769341596042128095e-02
-1.399364330837064019e-01 4.857777435993539394e-01 5.492146577220358844e-02
-1.215731370213219698e-01 4.913092005485499847e-01 3.448214382995155175e-02
-1.100200870179029455e-01 4.837385658442953651e-01 1.742670252909389594e-03
-1.135436941857085186e-01 4.604290615483640492e-01 -2.897520650390935648e-01
-1.192523204510057278e-01 4.434727802871557545e-01 -3.489163569037795343e-01
-1.219678404871274713e-01 4.314739049744807931e-01 -3.216535685454399163e-01
-1.275773467478546475e-01 4.310546363317859786e-01 -2.681152514217288729e-01
-1.593089981282493905e-01 4.366493061030305989e-01 -1.950447444318856860e-01
-1.767362130447704405e-01 4.149098731811350360e-01 -1.357089455889751439e-01
-2.030761755233586874e-01 4.154541971672023326e-01 -1.042242036905898644e-01
-2.019612261117786634e-01 4.190903594355339101e-01 -1.043686245424444714e-01
-2.061588191366136580e-01 4.140795791914132495e-01 -9.388382069802747587e-02
-1.833152235920303685e-01 4.370745565254048337e-01 -4.576769046315969092e-02
-1.666676911764659319e-01 4.470640367518035063e-01 -2.848092586445483826e-02
-1.722002485286493745e-01 5.222704769477192199e-01 1.331614410531438975e-01
-1.720846951761567101e-01 5.397141016252126056e-01 1.511697494538377373e-01
-1.747706422836155238e-01 5.658330654314405184e-01 1.341468991364400953e-01
-1.736857030753679587e-01 5.532485328540718283e-01 7.780896136356739434e-02
-1.335602598337516378e-01 5.317366694991687570e-01 4.520636458046758260e-02
-1.140932463107395683e-01 5.200676158879449229e-01 1.594741198566985638e-02
-9.545724128865942792e-02 5.214953781311889580e-01 2.118621226511096037e-02
-9.006409741861672036e-02 5.353545546757420004e-01 2.295704624537313332e-02
-8.487710286118088643e-02 5.406183002630101653e-01 3.167134033209753619e-02
-6.863592701219906056e-02 5.498224399247165772e-01 1.484290769748222369e-02
-2.194365447336453501e-02 5.435820972944039875e-01 9.157947124136096850e-03
-1.206561071890148440e-03 5.177832527424118814e-01 6.932374871385946734e-03
3.565006087251453362e-03 4.983502918793490388e-01 -5.389789295796414831e-02
-4.907108200986451743e-03 4.978522894205755778e-01 -9.222733337405242260e-02
-1.283857223674610311e-03 5.024997179188672725e-01 -9.834944310300786086e-02
-5.082484038694235276e-03 4.895295934332871135e-01 -9.548994007328050204e-02
-1.893331336698740597e-02 5.038941338170001005e-01 -4.038257984810104950e-02
-1.378714570735540060e-02 5.134322663592665315e-01 -1.580115110230625314e-02
3.934112297092305643e-02 5.270033274931055223e-01 -1.385951087525308933e-01
6.096464299992625235e-02 4.961311391283042549e-01 -1.652268076728993507e-01
7.512553970066825071e-02 4.832196791931251956e-01 -1.512387575283496433e-01
7.368047843237675310e-02 4.510636297307496489e-01 -1.367225549332670431e-01
6.172949509226310916e-02 4.503380795266255787e-01 -8.045668186035455360e-02
1.999164465562227461e-02 4.528012660093875819e-01 -4.897667166523980015e-02
-9.485000168226072337e-04 4.671903432921797328e-01 -5.264743360898303109e-02
8.267532354539664299e-03 4.715661478950107233e-01 -4.775088741038911039e-02
2.304865995307333465e-02 4.528563099287964966e-01 -4.181630731900232156e-02
1.533258057695132542e-03 4.498626207324424309e-01 2.353416538578061157e-03
-1.355719022372537438e-03 4.459613114511652987e-01 -4.078329954358185516e-02
8.931370747311113273e-03 4.595250770634728976e-01 -5.654196908532710397e-02
2.359540595942092797e-03 4.530256037874521580e-01 -4.226005700193721099e-02
-7.820674516137222920e-03 4.721155637466852295e-01 -3.386536844625320786e-02
-2.979546660061420035e-02 5.086214443523339179e-01 -2.832960258694338859e-02
-6.862645220718366357e-02 5.639443818380240891e-01 1.781041566657258768e-01
-5.317660384242133692e-02 5.638215891505162780e-01 2.416560188080753568e-01
-5.490810652191083219e-02 5.709739260109452097e-01 2.373012395565074206e-01
-8.184801030920169085e-02 5.826016958138797719e-01 2.037466757025958308e-01
-8.242509976934034310e-02 5.948054893637019225e-01 1.495163045685152514e-01
-5.949320536348197408e-02 5.970037368966997215e-01 8.987065492694670810e-02
-5.857056174415295469e-02 5.603294384950899820e-01 6.715526064436200260e-02
-6.818330818532794546e-02 5.539159801394256677e-01 2.329592319343654766e-02
-6.753859968646577783e-02 5.378365556303004169e-01 -9.698692163459463056e-04
-7.446557028084972718e-02 5.027623520234679733e-01 -5.003880553137249887e-01
-5.994687314914746989e-02 5.046556125359746847e-01 -6.073639039608644818e-01
-5.671322385994588544e-02 5.137127147602581489e-01 -5.685340088682823145e-01
-6.858734482323868009e-02 5.224980514066084325e-01 -4.803869735871598712e-01
-7.521573725956089140e-02 5.037261019747929502e-01 -3.980335635465307442e-01
-6.604341867610838412e-02 5.062436412066737557e-01 -3.343946713736831167e-01
-3.731148712126935996e-02 5.069914218897838554e-01 -2.701507825228695592e-01
-4.632131509649012324e-02 5.133944709699492792e-01 -2.047881904510137074e-01
-5.658199840460836905e-02 5.249989891737015801e-01 -1.792513653232654103e-01
-5.758836260575952298e-02 4.973436887452266086e-01 -1.305531762102875304e-01
-4.868189837570610634e-02 4.861744506659652076e-01 -1.118440088449545039e-01
-5.871817379614711896e-02 4.827998211918563820e-01 -5.640103310061966857e-02
-7.354033863759010248e-02 4.821835833869573262e-01 -4.396891311522385659e-02
-8.732526237480829623e-02 4.986627683603768180e-01 -3.159226845511101806e-02
-1.100950428051152008e-01 5.425461769409075652e-01 1.288373303851997609e-01
-1.191454076478146717e-01 5.764064133877508933e-01 1.675207083266765928e-01
-1.229801251516638161e-01 5.491552393358918316e-01 1.515673636100751953e-01
-1.344876222932698262e-01 5.167155600395281212e-01 1.183102748918456182e-01
-1.527533094579089090e-01 5.046805884900437134e-01 1.069210831914994414e-01
-1.716185495145036155e-01 4.994715890272098391e-01 6.432792509777780776e-02
-1.828642626130521365e-01 4.852161137117098066e-01 1.243267423103824182e-02
-1.772629899951068955e-01 5.029455902478162654e-01 3.760311774905922971e-04
-1.951158691457303140e-01 4.995034498584418059e-01 -2.137260980335557170e-01
-2.273993765621180052e-01 5.021523846821381865e-01 -2.493629116092316578e-01
-2.468673987387846047e-01 4.979230767690651094e-01 -2.510966980200157739e-01
-2.384631647991093117e-01 5.267157351485693972e-01 -2.174744681425657689e-01
-2.222183321873430484e-01 5.215955904777099805e-01 -1.960415416696527080e-01
-2.406708291042921333e-01 5.022992072955828613e-01 -1.479654628613327749e-01
-2.351914061679849788e-01 4.944658103845701591e-01 -1.165465989612057690e-01
-2.248410421300093831e-01 4.872363726982930632e-01 -8.687727572823296385e-02
-2.480833140034368334e-01 4.808588989274480419e-01 -7.940335175547762192e-02
-2.877779645432518296e-01 4.433366330861383542e-01 -7.179850729825773548e-02
-2.956052064424836701e-01 4.100030835254369621e-01 -4.983331179363442026e-02
-3.319780912317021326e-01 4.714739003678714013e-01 1.883315306369272857e-01
-3.446907975928937273e-01 5.080778451131714446e-01 2.447974880597496572e-01
-3.404399798130273158e-01 5.061366452899725976e-01 2.156406674102934740e-01
-3.573110898449489148e-01 5.079383115004391103e-01 1.687177641869555822e-01
-3.637142962146910352e-01 4.840517668511496452e-01 1.151737253771860370e-01
-3.712882333840183957e-01 4.619777949035514530e-01 1.075366863462117462e-01
-3.719796744160636659e-01 4.584673748060998921e-01 1.044274337381231044e-01
-3.729391694555813097e-01 4.492700630627955438e-01 1.150186566767930907e-01
-3.767096571841498931e-01 4.684482860005395044e-01 8.803164829927975776e-02
-3.920476513913692118e-01 4.801068273035662970e-01 5.703523209575374342e-02
-4.002471866292952041e-01 4.870815906292796371e-01 1.668504720786140316e-02
-3.859733515598393616e-01 4.943159967124726162e-01 1.262605131908527481e-02
-3.766519644940040656e-01 4.863360352599381264e-01 7.235823969794995779e-03
-3.912608301728012217e-01 4.578879478106699930e-01 -1.907364235856792711e-01
-3.977474595997830820e-01 4.513300407005058079e-01 -2.313529197821210248e-01
-4.145373952052431865e-01 4.408045198824859234e-01 -1.898535744581321127e-01
-4.242368421194960826e-01 4.496490590640572771e-01 -1.506044903697396631e-01
-4.215822231633259976e-01 4.694260652066595263e-01 -1.063904386462559137e-01
-4.263584060811751453e-01 4.828699368351138665e-01 -6.591975158812873881e-02
-4.350937494150578511e-01 5.212016907077110517e-01 -1.390320531850450930e-02
-4.450256932073661797e-01 5.067279476075715605e-01 -8.434476061499956989e-02
-4.549777058810907104e-01 5.528290557417898654e-01 -9.837228287745469757e-03
-4.520960967446030487e-01 5.480203081076743254e-01 -5.940319075329332510e-02
-4.404444080424947949e-01 5.504502379057805150e-01 1.657424470802183469e-01
-4.251849448066472581e-01 5.367014969883836528e-01 2.132948054521298098e-01
-4.071336021177539566e-01 5.242765899864723078e-01 2.181205440010729191e-01
-4.034379881950071467e-01 5.038777927249624700e-01 1.922685155513504385e-01
-3.880527257043498990e-01 4.932213407262598936e-01 1.463166550663093091e-01
-3.831136410938854042e-01 4.869075025711043780e-01 1.181679002708524023e-01
-4.056344038342494795e-01 4.870796853153926409e-01 1.027015995689952166e-01
-4.015391046509459438e-01 4.724831285911749168e-01 7.128271261822360927e-02
-3.986955790321380921e-01 4.896800715538204840e-01 3.922464106959530628e-02
-3.887258751923091116e-01 5.031903862569511166e-01 2.353662414234879152e-02
-4.055533761858525210e-01 5.193524097177852905e-01 2.559097137876854139e-02
-4.218743987813172724e-01 5.263037491680229163e-01 1.570578156954226257e-02
-3.960691447603238990e-01 5.121560265253579658e-01 3.561981642016246244e-03
-4.113596034747060148e-01 4.932058729966315447e-01 -2.041707957877517410e-01
-4.341528734780703003e-01 4.740956800806628291e-01 -3.101377786439720174e-01
-4.384683582698734594e-01 4.853130592774931862e-01 -3.032617711657951687e-01
-4.367920422349935161e-01 4.726962203436151921e-01 -2.431293713754671404e-01
-4.349046016302075546e-01 4.607308549677935350e-01 -1.818739147039329374e-01
-4.177036249180058336e-01 4.704792318028849230e-01 -1.089910011438025295e-01
-3.995999488396198562e-01 4.340452004359590665e-01 -6.362851519831558278e-02
-3.930204832556704608e-01 4.981522691543577297e-01 1.222893560511328637e-01
-3.737131629538142930e-01 5.146585074483400746e-01 1.837609545845626802e-01
-3.868895280703399386e-01 5.051746518050654888e-01 1.732063825848969563e-01
-3.765096779252691261e-01 5.187099191141345544e-01 1.353718226787436196e-01
-3.977055505577606898e-01 5.060148800464925323e-01 1.063449378836206077e-01
-3.915093417055612313e-01 4.913896264437210282e-01 6.148440212417476125e-02
-3.711595666662526605e-01 4.827763747106599834e-01 3.089145752058776798e-02
-3.538960852003540380e-01 4.956275433861045410e-01 2.101286368830548867e-02
-3.548502970848717575e-01 5.253843616636659775e-01 2.985842688745509593e-02
-3.651907615283732089e-01 5.434425509593981962e-01 3.556612129952987228e-02
-3.903370730125880761e-01 5.512264207754906664e-01 2.795853660148717515e-02
-3.922936943033547563e-01 5.297774284253968791e-01 1.335430505269371605e-02
-3.963186036167123949e-01 5.279998314871225951e-01 3.913455745475576814e-03
-3.926778369493988396e-01 5.437296822123335316e-01 -2.029013053539643341e-01
-3.716233207397663385e-01 5.589560826428036089e-01 -2.701711414696226221e-01
-3.721916453191927432e-01 5.580426584097382126e-01 -2.739046486689765136e-01
-3.494746668263057354e-01 5.332372302232964989e-01 -2.359456374671976275e-01
-3.347676494863599528e-01 5.195402417525768479e-01 -1.933354428116437485e-01
-3.295935010817796496e-01 5.163320115496808915e-01 -1.487371140077820009e-01
-3.257904919129691046e-01 5.258232168145360319e-01 -1.048343034361971515e-01
-2.920175620987991438e-01 5.141199222019887660e-01 -6.711277640328733307e-02
-3.073062166705890497e-01 5.474616136045605819e-01 1.164755428101082457e-01
-3.296973699376000710e-01 5.390642804526958320e-01 1.908293562119552644e-01
-3.178563958875200712e-01 5.187660123376129917e-01 1.989978083207813442e-01
-3.392271707754265786e-01 5.078694981006403042e-01 1.918242075167133631e-01
-3.457522317180716787e-01 5.040851728357886863e-01 1.599810482118170507e-01
-3.591569356781220690e-01 5.226310655792345550e-01 1.512832084407352840e-01
-3.820655939888270014e-01 5.168957897238910526e-01 1.325960818317789003e-01
-3.958240767511819747e-01 5.377136051502051650e-01 1.262095389183257588e-01
-3.946410885018365455e-01 5.589270858840279521e-01 1.306027288568953615e-01
-4.073112572195223269e-01 5.721946392566275019e-01 1.278134978402362121e-01
-3.769953912567250431e-01 5.868016880029471860e-01 1.125231261005907174e-01
-3.481008629638173701e-01 5.916106784505252847e-01 5.780826931065360941e-02
-3.479542833538238344e-01 5.900597644983001100e-01 2.801934635627205405e-02
-3.455320577757245992e-01 5.878335464066407612e-01 -5.318580552526569472e-03
-3.460114001976594689e-01 5.552678608157571860e-01 -1.776623174849717435e-01
-3.243689333029841637e-01 5.309301444752800858e-01 -2.295030689168732763e-01
-3.138411725564795862e-01 5.330495685304593723e-01 -2.481747674923939495e-01
-3.450248817430439652e-01 5.217978261199432977e-01 -2.087103746905575319e-01
-3.623057051801124584e-01 4.946550470689271561e-01 -1.886225281540593046e-01
-3.389598292105994171e-01 4.925419912220353469e-01 -1.318732893242081372e-01
-3.140424289596484564e-01 4.974568856732126676e-01 -9.898897092021584354e-02
-2.918111801703071606e-01 5.114910354799265813e-01 -6.799272296127367721e-02
-3.002301879203612689e-01 5.588185948087970312e-01 8.112724108364499642e-02
-2.996661952620962022e-01 5.533885625704483280e-01 1.399630207471502241e-01
-3.084924971817474271e-01 5.457143668663704261e-01 1.204304190575214706e-01
-3.199857660578917518e-01 5.048274931344716165e-01 9.408985844787579045e-02
-3.254876326300711331e-01 4.673512626917663004e-01 6.936055956261354127e-02
-3.123993917171826173e-01 4.646844199431794942e-01 5.627262235439929594e-02
-3.226074294988090507e-01 4.688507089454924670e-01 6.712195029473691510e-02
-3.175755159851521015e-01 4.975316726645161447e-01 7.236479379618054875e-02
-3.058109005044393758e-01 5.092533622452097841e-01 5.264674452045235709e-02
-2.888836958335599392e-01 4.833132115990177446e-01 3.554379514934517814e-02
-2.900616111014620024e-01 4.849863578789437857e-01 2.418818317046556032e-02
-2.835671941446849531e-01 4.819340977998120557e-01 2.274717290126872932e-02
-2.632083759036873971e-01 5.081459178708717106e-01 2.082850693480249940e-02
-2.659011189655334784e-01 5.351244727438536630e-01 3.011184659588739959e-02
-2.630246944815414767e-01 5.275544388560664544e-01 5.789689524813987354e-02
-2.369226865973859397e-01 5.270998469027158295e-01 3.674987491163016207e-02
-2.245969313069067219e-01 5.409406329180550532e-01 1.968738509525085750e-02
-2.110117616302590315e-01 5.398326862427119677e-01 5.147865117317395114e-03
-2.122075745705896965e-01 5.463398865179399655e-01 7.381166439167924018e-03
-2.090782471949872712e-01 5.425304682255274180e-01 -1.609745632715809532e-03
-2.085348896900261484e-01 5.409316694077069831e-01 -1.802624047037078292e-01
-2.207366830198179974e-01 5.137963916357473071e-01 -2.267058780701472209e-01
-1.894485197815553024e-01 5.017287573679714008e-01 -2.204608482951332105e-01
-1.697015845069070050e-01 4.978733714020361911e-01 -1.895672774108063674e-01
-1.602031397996408202e-01 5.110727697323773633e-01 -1.780263413417612628e-01
-1.548455553725878731e-01 5.335344062322825431e-01 -1.290269109664552716e-01
-1.538058182009084951e-01 5.357760542523458680e-01 -9.593489046519657060e-02
-1.555158054030840731e-01 5.246263768585793796e-01 -6.483823430243298991e-02
-1.875824626666135475e-01 5.895102117541947129e-01 1.764845043176858641e-01
-2.157309027063726292e-01 5.957268678546415730e-01 2.518385565123569814e-01
-2.039222742385698450e-01 5.716148185869097675e-01 2.318781667937364344e-01
-2.121602860228957166e-01 5.423578573506067091e-01 1.740358325932862271e-01
-2.239006347254118845e-01 5.230347534612216354e-01 1.655625178316890433e-01
-2.157598013029462247e-01 4.949337312154479807e-01 1.464695080122788984e-01
-2.176478917157999848e-01 4.726973346533044906e-01 1.222482126440617017e-01
-2.205016757000003158e-01 4.651034719003613316e-01 9.454229304406976120e-02
-2.436395422875975159e-01 4.673461012013331306e-01 8.250464330911586042e-02
-2.484074868498138133e-01 4.892811877244805929e-01 7.517793677930337259e-02
-2.525239431595042161e-01 5.009482615851230669e-01 3.810195072234723312e-02
-2.530595396050500656e-01 5.295321374554493588e-01 2.162704461479253090e-02
-2.466888166661991844e-01 5.437223259466403835e-01 6.714134934818356479e-03
-2.255684022189622107e-01 5.355243973496978116e-01 2.578469344463499291e-02
-1.861814017710504143e-01 5.396760518026915143e-01 3.107033591121395946e-02
-1.597683700467527612e-01 5.560574360719496845e-01 4.032390221070458053e-02
-1.569913204308545918e-01 5.469393155175096277e-01 4.694410980794438970e-02
-1.442146555385897255e-01 5.091591311128603747e-01 3.454343544514984488e-02
-1.398474415918386504e-01 4.786027775621161107e-01 1.794160270821399186e-02
-1.442478976501480326e-01 4.627759788892016335e-01 -2.159987856699503370e-02
-1.185038981634225635e-01 4.585125263309635657e-01 -1.471804275138092200e-01
-9.688433106365522407e-02 4.722714553083682265e-01 -1.599202748045910893e-01
-8.949292177456817654e-02 4.619832807439461786e-01 -1.474057466402310945e-01
-1.209855510514587784e-01 4.412997978529548671e-01 -1.280699554681209440e-01
-1.799461115767310160e-01 4.354176110399284871e-01 -6.700899730983449210e-02
-2.196022736450948254e-01 4.225969778108622510e-01 -1.237344855880852246e-02
-2.446375561399375398e-01 4.275331892853669880e-01 -9.894568466244552107e-02
-2.368338538653797509e-01 4.514801952923346295e-01 -9.900373985804407362e-02
-2.268801457194053739e-01 4.505759719361312476e-01 -7.728790218590056438e-02
-2.195993610115021255e-01 4.623043359748782999e-01 -5.256922553602781656e-02
-2.565640154843012999e-01 5.538265079610319441e-01 2.334619842601081130e-01
-2.802624432767588658e-01 5.834884714897151659e-01 2.900215075277782217e-01
-2.763692145113916809e-01 5.746033119875125772e-01 2.689005592524378319e-01
-2.933213120615285607e-01 5.444499810798423267e-01 2.357302904568667756e-01
-2.948448683499056422e-01 5.349074755541001203e-01 2.095439235828867597e-01
-2.745515798731475443e-01 5.407368815967781295e-01 1.864594740336842360e-01
-2.466493168734187336e-01 5.381670551184809526e-01 1.597364381075082884e-01
-2.366219056395559572e-01 5.422653354749931154e-01 1.555533118108162471e-01
-2.399982018875862488e-01 5.370373734546239897e-01 1.202447138418339112e-01
-2.314525250480134744e-01 5.308369302084730013e-01 1.000712217820149547e-01
-2.345759413361899470e-01 5.281861735122770352e-01 7.935144458560447478e-02
-2.357417072334765940e-01 5.247123502433752584e-01 3.558602816051257417e-02
-2.222688147322084418e-01 4.923912295885153334e-01 2.114848241553184474e-02
-2.231804243911850727e-01 4.628685227447404404e-01 -6.964571423559141883e-03
-2.421893847608208583e-01 4.436525476050053318e-01 -1.147949697003821379e-01
-2.748485890630186779e-01 4.326334473664759095e-01 -1.234828076474272646e-01
-2.785417591462757692e-01 4.612250792502542995e-01 -8.861130531620539652e-02
-2.871735728017339451e-01 4.568279467523098103e-01 -7.038728423194931527e-02
-3.147907991275254447e-01 4.559765128569976955e-01 -6.595114819418244900e-02
-3.639666605040898784e-01 4.999864802070938530e-01 1.389659099287852140e-01
-3.799563474832857723e-01 5.132672586652196056e-01 2.100309812815187305e-01
-3.762186904060246251e-01 5.229347037344480587e-01 2.216270038979918366e-01
-3.747059798185740087e-01 5.302942655260917126e-01 1.901139533704349349e-01
-3.702775896224995700e-01 5.450390992390420353e-01 1.296627791360122628e-01
-3.835177932216887742e-01 5.063149521185534851e-01 5.135566024028161147e-02
-4.174747357955135851e-01 4.694962326711884515e-01 2.517386518224839706e-02
-4.460046891997094254e-01 4.855259895301579087e-01 1.541463929049550693e-02
-4.339372868685221762e-01 4.998148717055762580e-01 -4.486605969265356625e-03
-4.198275803674823559e-01 4.824474926377989026e-01 -1.526345093501249861e-01
-4.016408455322326154e-01 4.776848419061267559e-01 -1.942755433760371964e-01
-3.797974210160555697e-01 4.908976504752544101e-01 -1.780464390320861401e-01
-3.678074077490298688e-01 5.041111432957954275e-01 -1.754097776660976105e-01
-3.474225329118870720e-01 5.094260239928800615e-01 -1.653975154741397779e-01
-3.419702957808951616e-01 5.120271065940874555e-01 -1.321005380730048417e-01
-3.375252894547604576e-01 4.981107225043965858e-01 -1.150994909124236076e-01
-3.575840792383740419e-01 4.948308094132323753e-01 -1.054616454810688025e-01
-3.914569909337969333e-01 4.913427943607161508e-01 -8.844939149581011739e-02
-4.195663805476532171e-01 5.701712320538471213e-01 1.855401287742345362e-01
-4.232452214217490294e-01 5.797325499441726704e-01 2.483504418408174486e-01
-4.054474480781649626e-01 5.642236002350818902e-01 2.520731298088563777e-01
-3.822046070261947981e-01 5.251659466679765575e-01 2.325435841238014389e-01
-3.743157611284275710e-01 4.955376478140204322e-01 2.176430759468368781e-01
-3.713691160868712871e-01 4.931963608065387250e-01 1.637434410825412689e-01
-3.770437696901785540e-01 5.115211408195876608e-01 1.238198905037510150e-01
-3.786099913181311116e-01 5.091588899444583483e-01 1.151236574329839862e-01
-3.527201553072519813e-01 5.004386808299379208e-01 1.044576146402526329e-01
-3.349549195545737934e-01 4.892217520113316676e-01 1.203705338226809668e-01
-3.086258614791742017e-01 4.857282585779572615e-01 1.141575948708245108e-01
-3.020716306003100593e-01 4.905852690544650341e-01 9.251154138806268190e-02
-3.075004584468045143e-01 4.894254868298504313e-01 7.006386154575246217e-02
-3.156238256204970671e-01 4.905263969966515147e-01 7.930198695740622861e-02
-3.578762035466907521e-01 4.841578596956718217e-01 1.170856774298844050e-01
-3.673152524681257969e-01 4.593186510854393445e-01 1.236387179225635485e-01
-3.710033065112409711e-01 4.556089887598125943e-01 7.852612595124586203e-02
-3.492328931587836971e-01 4.650738210895590807e-01 3.310716585362672576e-02
-3.138963763791374206e-01 4.641635035977250689e-01 -4.487994267655164016e-03
-3.067593832716701829e-01 4.539303348050929277e-01 -1.106873882022048061e-01
-2.809175295838656217e-01 4.449325998647449820e-01 -1.416687328777763988e-01
-2.680926468265121820e-01 4.491065103929095526e-01 -1.363133815874519594e-01
-2.725617366091990790e-01 4.487317772986952891e-01 -1.041935926862589262e-01
-2.952580886995955778e-01 4.485459743112760744e-01 -6.175572841077341113e-02
-3.395061116775814347e-01 5.333180464853077840e-01 1.994357995652152327e-01
-3.536846208230320365e-01 5.667029852480904850e-01 2.778465238657320535e-01
-3.643769864371798062e-01 5.692007639266283281e-01 2.728157061157830965e-01
-3.555016646834925353e-01 5.666089615287074333e-01 2.302872969430719285e-01
-3.584619540676786120e-01 5.600396122320879799e-01 1.876576208406690871e-01
-3.778683317607786085e-01 5.615660759012738312e-01 1.362691915859305380e-01
-3.656469464521883150e-01 5.631856262478102115e-01 1.017456223454067665e-01
-3.479505630606539168e-01 5.480095958558425240e-01 7.224221459393846689e-02
-3.122823365977849264e-01 5.383094058107669166e-01 3.050659110981517735e-02
-2.852924654536082572e-01 5.513593976902009253e-01 -2.252331930308354435e-03
-2.682049294880021750e-01 5.456441469483112039e-01 -1.885326482141456428e-01
-2.392451839004634262e-01 5.440877841955171768e-01 -2.539467115541524933e-01
-2.082609850386226424e-01 5.411836449955135242e-01 -2.354779952031000878e-01
-1.986476035837851928e-01 5.253981319233866909e-01 -2.063776500557882310e-01
-1.934567269061921446e-01 5.198298626073997175e-01 -1.700064265571758770e-01
-1.727789987992708332e-01 5.069853386090690250e-01 -1.240543521048103059e-01
-1.684013997503457372e-01 5.097004855110839339e-01 -7.471816389454366547e-02
-1.506470340772850802e-01 5.097626602144406105e-01 -4.303900429032307684e-02
-1.641728767123565302e-01 5.246588523473681986e-01 1.223748441895392974e-01
-1.401716850077222576e-01 5.280408605620087181e-01 1.866090676337057996e-01
-1.569124079679372064e-01 5.440502633850325953e-01 1.769153531540703095e-01
-1.939641871414317098e-01 5.349042901162205377e-01 1.493547142977642017e-01
-2.037803581789778551e-01 4.927879501285973296e-01 8.677211410336539699e-02
-2.000821051639809500e-01 4.769814422560270106e-01 5.034710825874903761e-02
-1.815076218596203272e-01 4.763248755153730030e-01 1.604242241752758952e-02
-1.592149325735451315e-01 4.490292057380759760e-01 1.804607004444278018e-02
-1.449260177434402441e-01 4.461685970559405301e-01 1.318777150149533228e-02
-1.165263494687116819e-01 3.252404402025165231e-01 -9.782526619754922104e-02
-1.152481489741768034e-01 2.651018248312468906e-01 -1.134300628660911830e-01
-1.062377804686354399e-01 2.268277124877652318e-01 -9.611322787376322396e-02
-9.712912179501573262e-02 2.145614427407135927e-01 -5.487495853047621303e-02
-1.101056343779679841e-01 2.208131785120975299e-01 -4.990587184643504454e-02
-1.267410094893511030e-01 2.239977378995632318e-01 -3.873290396259593954e-02
-1.221121068909103158e-01 2.365444863472876413e-01 -1.975032216558429005e-02
-1.300407916614076120e-01 2.193806709344457151e-01 2.123989246309270496e-01
-1.515537466066192440e-01 2.179760557942010124e-01 2.791173009664669191e-01
-1.629008202336150457e-01 2.153299099703859243e-01 2.367679638099967065e-01
