#"Step","Potential Energy (kJ/mole)","Temperature (K)"
100,-26994.87392212957,55.0021548572726
200,-26468.29881480866,99.21192993795997
300,-26011.224817559763,136.12483816534436
400,-25700.367094842426,161.0780120440794
500,-25476.41553136561,186.12433137489288
600,-25223.45887242345,206.07411468807524
700,-24816.61919945263,217.25748268515417
800,-24567.15977609757,234.29162008878654
900,-24442.415686140943,248.10556497502762
1000,-24455.975755922904,260.68033600193894
1100,-24258.559543807933,259.8558942076063
1200,-24313.346163744514,284.26831484403874
1300,-23928.316610801674,279.951262430692
1400,-23672.20388065133,276.50626751361574
1500,-23852.65328821534,289.2081969471858
1600,-23721.03376121301,280.31667734977304
1700,-23716.09376396303,288.4487368987773
1800,-23754.055505995115,292.6076721755056
1900,-23590.470142992213,285.06747765585703
2000,-23520.869173011684,279.2580762997533
2100,-23809.53032044362,296.32599971685556
2200,-23577.743449283473,283.0588000949923
2300,-23656.254983010644,296.98095383495206
2400,-23534.643283988524,291.32347238468026
2500,-23394.429065100558,289.27303504447127
2600,-23410.397942801646,289.59816542873165
2700,-23429.024112992163,284.8709405841608
2800,-23525.707384044712,297.3149058071878
2900,-23470.807227799844,297.6824123588378
3000,-23356.951166881656,287.48254546933316
3100,-23387.536014693032,292.6075085688907
3200,-23363.0602770673,289.06513717479913
3300,-23540.05857276189,309.7994274658714
3400,-23232.275143812352,297.64865738918706
3500,-23284.57374905696,310.72834535165606
3600,-23274.333765546733,313.93049073871924
3700,-23159.598392686516,301.6982166572778
3800,-23163.075323926925,303.3073157377143
3900,-22904.264079886896,296.6487206615713
4000,-23056.60633376747,308.28291810497524
4100,-23068.553003619367,307.30392451073004
4200,-23091.170811426302,301.18948390320645
4300,-23052.597094200726,300.38601039486497
4400,-23160.869186311436,297.0584134000427
4500,-23174.478956566134,292.6467953098218
4600,-23278.565706935187,298.2499787682335
4700,-23249.40439646918,298.17177930407024
4800,-23217.747701159387,297.5696273814218
4900,-23304.369445749966,294.6887510762254
5000,-23257.285281112127,292.3546454503619
5100,-23289.833726138517,296.5821157602243
5200,-23123.104611708724,294.7823532741149
5300,-23264.66661137779,304.63778801472586
5400,-23056.23933025374,290.47409408577266
5500,-23101.342676138913,296.34048745069657
5600,-23079.74949884246,294.0755541449376
5700,-23169.767691619403,304.96161049358074
5800,-23114.44253499637,305.4378879892501
5900,-23165.515713328205,308.623406614505
6000,-23039.932645409775,300.93849924534055
6100,-22978.694995034428,311.64707530073855
6200,-22896.425281438453,300.90615616264625
6300,-22856.203165598854,296.04953794320255
6400,-23008.973671650456,294.20008794112573
6500,-23069.402165019594,300.9149940512353
6600,-22980.287738459127,295.4524738793062
6700,-22931.83372666285,296.96070906495254
6800,-23038.96343742445,305.0777191170842
6900,-23062.8050156135,302.35343284336346
7000,-22967.628272811795,296.2589781512763
7100,-23012.237432679336,307.26883170690337
7200,-22943.24178199441,303.7700264443891
7300,-23015.311296431522,305.83464749592815
7400,-23040.87831804756,301.07760936025403
7500,-22950.126967085584,298.7443577637815
7600,-23087.95465403091,303.3201807268218
7700,-23050.851844640158,295.27097648619707
7800,-23210.36282555986,299.7475388730557
7900,-23260.23676824913,307.0830700390234
8000,-23153.164480246545,307.873444703091
8100,-22980.904768078763,299.3458700588927
8200,-23155.46101626818,299.7690516639722
8300,-23115.247882965195,296.065704687135
8400,-23317.849590516358,304.18402723012616
8500,-23112.484988676326,287.3490752486513
8600,-23315.778396714188,302.464274155106
8700,-23141.70376492216,293.3921369646066
8800,-23141.852258017927,298.6549526828153
8900,-23216.81962710776,311.1406415897208
9000,-23225.912961171183,306.5834223760846
9100,-23058.05667150853,291.74272898231635
9200,-23245.637055362982,308.3450581321636
9300,-23157.218295064464,296.821940457551
9400,-23187.068351335998,298.8291632361737
9500,-23164.946011224936,302.4353266554775
9600,-23328.650617846695,307.81515941219243
9700,-23311.69060866459,312.6020940615304
9800,-23204.443471923412,293.9892227758782
9900,-23185.642862527573,289.4526530430765
10000,-23284.38251291908,302.0147620632553
10100,-23225.126168565534,291.56796536243905
10200,-23298.129641427367,290.5137762685334
10300,-23338.100064282015,284.73943160079887
10400,-23326.64872204064,279.443491347052
10500,-23370.007299927704,281.9856312049992
10600,-23403.873581983324,288.8862680920997
10700,-23310.407330505957,288.70806012860095
10800,-23312.85716599383,294.4850019320865
10900,-23097.178845730086,287.89979985524946
11000,-23139.58155192336,300.76441069947003
11100,-23037.78470133239,301.18065395346304
11200,-22891.94529121666,295.1912585032092
11300,-22952.975522308785,306.4839062360992
11400,-23018.232684786373,308.042553475047
11500,-23030.03643031459,301.79788976589896
11600,-23289.5080410465,321.24911736433796
11700,-23081.900637348823,306.7538566739983
11800,-23084.117684262048,294.9390611812756
11900,-23162.59815756342,298.34348327607523
12000,-23103.093739575183,295.5284631277444
12100,-23041.5898565682,288.0149993092953
12200,-23070.74545740377,301.3756368009504
12300,-23135.37601468916,307.485014829625
12400,-22923.632765909366,294.7607983710764
12500,-22976.75172895071,297.9518631375375
12600,-23200.974889432022,312.55847364630205
12700,-22990.148953508527,300.4542416068736
12800,-23121.04339781002,304.7055415276717
12900,-22885.926969119988,298.56603820993934
13000,-23003.522389762744,307.63082380461174
13100,-23109.74894052319,310.0956811429011
13200,-22912.44440224109,297.8744470097881
13300,-22920.93318322528,301.84216846097945
13400,-23030.426135800255,296.99882706598976
13500,-22995.742388452345,302.41308571243474
13600,-22930.12321350159,293.24418198202756
13700,-23039.57095385756,309.63597053162744
13800,-22926.867134597385,300.61950234679216
13900,-23020.915604492824,302.6740286834605
14000,-22930.95975906303,304.4181504274315
14100,-22882.41081070568,291.54173553409197
14200,-22958.996499209374,295.5591371008418
14300,-22812.14322204719,296.1959045419924
14400,-22940.12272112252,305.63351773298604
14500,-22994.428783216455,307.3763901847186
14600,-22929.311697269266,297.1310495151587
14700,-22977.97457457095,287.8120278267363
14800,-23135.829928543128,302.26679475792434
14900,-23078.055640646897,296.68144911516936
15000,-23119.61500044231,310.4167741857987
15100,-23046.92208835896,309.243433657456
15200,-22969.40434013348,299.57564826741157
15300,-23140.35342941567,304.4306505887301
15400,-23122.032765507174,300.3755992199361
15500,-23034.38681778655,289.9768537925422
15600,-23294.80274812918,305.83424253181954
15700,-23177.2813385544,298.14421458175013
15800,-23103.461786018393,296.62829119026026
15900,-23200.82792627759,298.01065627960907
16000,-23147.602991308027,287.2897197574223
16100,-23267.542553516978,295.22804216510787
16200,-23122.85183828714,294.2088667099989
16300,-23115.606992213463,299.014464325989
16400,-23237.76027578389,310.1359579328434
16500,-23098.665183112433,302.10086549783506
16600,-23068.381185512,295.95119319376505
16700,-23071.52729561081,300.2616661322481
16800,-23201.30062902771,310.494018992838
16900,-23007.823014193156,292.32792069506576
17000,-23388.64292121952,308.09177478407753
17100,-23114.020685000287,298.65621467771655
17200,-23052.712770216807,288.51546251950015
17300,-23167.851246955746,290.3855863113396
17400,-23124.44789855712,285.76922162550966
17500,-23226.71057290671,293.83941566271056
17600,-23265.536608880328,294.86410266553906
17700,-23109.95212416764,276.3560017297062
17800,-23181.73163232504,280.68229639780253
17900,-23228.955694054603,288.95000715690094
18000,-23338.364592284837,297.4359332014884
18100,-23187.982695610903,291.728902618258
18200,-23266.42088599567,298.3269373079019
18300,-23306.470779583266,293.27274616795654
18400,-23175.257840766863,286.07092769604793
18500,-23175.525103099586,284.505437861417
18600,-23091.53663603653,278.8011336383485
18700,-23170.471809657,293.017143294009
18800,-23217.552886362595,297.7602286944495
18900,-23360.859951407823,297.25252794680455
19000,-23381.670661929937,297.94354624998493
19100,-23251.488028825435,301.69640963550324
19200,-23260.89977670851,301.6337596342955
19300,-23139.633500910888,294.8749053949369
19400,-23308.43556804856,298.3857874359664
19500,-23293.96252132667,296.6681045693358
19600,-23337.412899143004,299.7838469411621
19700,-23360.708546617534,303.3965402590505
19800,-23238.00303895719,297.48124993774604
19900,-23252.15466152056,292.0590376985891
20000,-23336.331190364144,299.0343635810408
