# x [nm]    y [nm]    z [nm]
0.000000000000000000e+00 0.000000000000000000e+00 0.000000000000000000e+00
-3.576935925892270676e-03 3.456667661797978991e-02 -2.994707610590406910e-01
2.797051121291674672e-03 5.706130304973947021e-02 -3.664528406172897768e-01
1.637405441455919847e-02 7.159642318561383612e-02 -3.310640370326485837e-01
3.817611629296815273e-02 8.296115883411840641e-02 -2.789667702285425488e-01
5.982682628253989388e-02 8.719640308532110307e-02 -2.147885582808125027e-01
7.769341367564439049e-02 9.544610657024332756e-02 -1.754236279125763187e-01
8.215104496210130780e-02 9.083169304818752843e-02 -1.458369381198359183e-01
1.099076610585774244e-01 9.666285645784282454e-02 -1.375038401398202825e-01
1.074017878610838278e-01 9.438626529434310242e-02 -1.316072415951912433e-01
1.194281401295556044e-01 1.161684137610818485e-01 -1.049648403621986359e-01
1.212733339352943251e-01 1.058501992243105067e-01 -7.749173070548523445e-02
1.065098139228492502e-01 9.701753898227064021e-02 -4.860957829019507681e-02
9.976702551380239870e-02 8.737155872491070285e-02 -1.671365769232674436e-02
8.097722697998149810e-02 8.803847487778469760e-02 6.656680663436523315e-02
3.401829863143961824e-02 2.717797319185560334e-01 3.440056058473688338e-01
8.414808255163053197e-02 1.332832508667191607e-01 2.697180384982381662e-01
1.098304870510316278e-01 7.256948311680645747e-02 2.115141914428740610e-01
1.232398176987496985e-01 7.557906900132704830e-02 1.719563797588269660e-01
9.631106040312450989e-02 1.021769502547310859e-01 1.445323370601819535e-01
1.062581422631827255e-01 1.539905281867827158e-01 1.385577906924017888e-01
1.237052656755867897e-01 1.412034040477222752e-01 1.248760241877109600e-01
1.325779495602476266e-01 1.245453417700486537e-01 1.104944086204584230e-01
9.520260738820948698e-02 1.563487256509774603e-01 1.452365323555190879e-01
1.058587023360428175e-01 1.808255518494659153e-01 1.191740334310413818e-01
1.231105116283936485e-01 2.196780231125138594e-01 9.813054607031325427e-02
1.256679663957034621e-01 2.337622332811678805e-01 6.761132948439201040e-02
8.295028820253505519e-02 2.618113756517571611e-01 1.329668618193833307e-01
7.057686325251505410e-02 2.755620894252134856e-01 1.743987057727602319e-01
8.379633277811750214e-02 2.854841428178153673e-01 1.597686000845214560e-01
1.001695833021287174e-01 2.892836713791105963e-01 1.243990983068354594e-01
1.234837346926648260e-01 2.998275871778104951e-01 1.309089431656805247e-01
1.430864910791531663e-01 3.051942161742386417e-01 8.877482120206833804e-02
1.649452718538746976e-01 2.994068423943352375e-01 4.596641818074564956e-03
1.945494734940631520e-01 2.683799425786848047e-01 -2.102538223338853984e-02
1.884560962971048304e-01 2.120224537276616528e-01 3.299346707638937115e-01
2.055772562749298704e-01 2.038030299915815080e-01 4.271503041800004397e-01
2.180379480114185142e-01 2.101264284099048085e-01 4.317897180292851189e-01
2.182603753706681970e-01 2.099189189107553422e-01 4.024695536818466146e-01
2.133783118228932407e-01 1.956517240564910609e-01 3.352741610296512964e-01
2.088110909296844453e-01 1.833016617622199029e-01 2.666671917932830205e-01
2.262024346785461715e-01 1.707786597639341652e-01 2.081073007201334479e-01
2.489197919435428563e-01 1.743096759878754454e-01 1.398280387646705092e-01
2.759850311116837651e-01 1.860957315003399226e-01 1.133874917145100830e-01
2.351710174776142914e-01 2.575014658673386303e-01 2.365633846798764206e-01
2.090078208509195679e-01 2.629205317810870968e-01 2.535188838120008836e-01
1.845588382860509635e-01 2.565099520821976231e-01 2.393249735477531448e-01
1.706101170066451622e-01 2.363384770004405278e-01 2.104076699634830350e-01
1.578400091410003814e-01 2.299913157593665713e-01 1.827105242052869394e-01
1.591044671833626578e-01 2.365923322493185266e-01 1.378390676208420540e-01
1.842020013847675552e-01 2.335486928590396194e-01 1.299914823388072793e-01
1.949120505696227967e-01 2.109158366139359253e-01 1.339123145705812257e-01
2.077294242751061004e-01 1.929699198227521340e-01 1.321783867224522735e-01
1.942407722909186285e-01 1.723115045105327037e-01 1.258817839041108111e-01
1.714609021144549439e-01 1.939537112997294088e-01 1.098372509104111466e-01
1.670716244317474453e-01 2.137890486425050030e-01 1.127577387895107863e-01
1.631578921220366296e-01 2.409036602476664624e-01 9.964381146333074757e-02
1.435941567279481190e-01 2.548845695852685611e-01 9.747457867301995149e-02
1.393832600844397696e-01 2.347731821705322797e-01 6.999685598508531559e-02
1.274778230053644212e-01 2.398520415778761516e-01 1.273894709487440324e-01
1.343712372430394264e-01 2.203993283731258412e-01 1.122439741201849001e-01
1.352473606981194898e-01 2.085738061153828427e-01 5.392641123938117509e-02
1.015692693136725083e-01 2.488026224087095395e-01 1.540357046949438757e-01
6.541293318967320025e-02 2.632372941020748036e-01 1.748602115613054619e-01
6.750112222507499704e-02 2.688479016284163192e-01 1.659276924016815646e-01
1.055670397212579437e-01 2.401167014881979977e-01 1.606823079952384437e-01
1.136790628740521336e-01 1.731371399856240778e-01 1.528962993516381763e-01
1.327104785137999399e-01 1.493936205455320965e-01 9.924856964194778142e-02
1.195966181780762916e-01 1.681155246412727733e-01 1.722374667039226759e-01
1.304267377183183085e-01 1.603001021634591627e-01 1.622979795066944175e-01
1.390429981176338481e-01 1.403702602199031757e-01 1.333877476552962071e-01
1.380660014111105005e-01 1.751115169218279699e-01 1.271067675637110872e-01
1.544752139662669277e-01 1.915609495793075545e-01 1.379659642156570165e-01
1.518171481864183936e-01 2.171250989499803330e-01 1.087538859984522044e-01
1.286830677698823922e-01 2.374083717739229327e-01 8.053608035214313010e-02
1.183095082411170507e-01 2.363863797081517115e-01 5.630438818315546684e-02
9.339573725161889883e-02 2.584382049253467484e-01 2.861775489341389367e-02
5.165489343322851590e-02 3.395396509107790339e-01 9.625301198792673985e-02
3.510659961728413575e-02 3.421861201633893401e-01 1.200539196004235948e-01
4.201396445779091021e-02 3.432686318909861090e-01 1.318605593946760302e-01
5.900602056086062808e-02 3.171551449664298250e-01 1.306574820536461345e-01
6.426371952324391734e-02 2.862467144616222536e-01 1.276323474419733262e-01
7.887460058939781138e-02 2.865231539287807494e-01 1.236390563837635875e-01
1.024305643152850359e-01 2.773166182546568659e-01 1.090252949919146702e-01
1.370073583025800956e-01 2.388275097278217407e-01 7.007697764165815579e-02
1.174513449759418404e-01 2.564127554577299017e-01 1.203985587873926399e-01
1.162911758244454669e-01 2.429053206439219792e-01 6.428814852678838010e-02
1.049205345664188244e-01 2.916518338539613175e-01 7.453482789211522686e-02
1.109014660695385318e-01 2.725666876843963471e-01 4.182110024892216754e-02
1.102865726842265914e-01 2.651031121024243209e-01 6.228747323431435556e-02
1.259945577103435410e-01 2.486051894470899248e-01 4.111524675074683388e-02
9.948596889776210872e-02 2.875264854769484790e-01 1.388879194655634752e-01
1.069189690165816414e-01 2.953320513383177470e-01 1.709431391904885911e-01
1.107322455298135055e-01 2.578298321127792669e-01 1.457707766747081690e-01
1.336255050478391548e-01 2.375797220811475541e-01 1.118660623769384965e-01
1.514216334541704789e-01 2.276328495347772762e-01 6.319320503255594634e-02
1.448743011845068651e-01 2.685072603047851114e-01 2.017137802443794842e-02
1.330387600091293421e-01 3.077763595857174739e-01 -1.341139086975969286e-01
1.328446398676586260e-01 3.244879376139411242e-01 -1.777068167899897022e-01
1.799418805301038482e-01 3.496791984588679680e-01 -1.674078811977219028e-01
1.672202105173060116e-01 3.720693635455681325e-01 -1.383572692109545088e-01
1.954015089153567086e-01 3.927992465790639542e-01 -1.451049121747856885e-01
1.829309394899936991e-01 4.069061569969495973e-01 -1.168722917054314525e-01
1.992530502983099749e-01 4.237763547542297560e-01 -9.935295459901979931e-02
2.025158440895390155e-01 4.430231966400892674e-01 -4.034677029155754602e-02
2.115372626036194081e-01 4.450240894309818174e-01 4.669420163032310389e-03
2.065190681456714750e-01 3.848907657909066971e-01 -6.047965293279467663e-02
2.001360573662203102e-01 3.550620207062634703e-01 -5.231452492012911293e-02
1.866274028025753096e-01 3.549316606745008817e-01 -2.689740751090652360e-02
1.691389279378567589e-01 3.510427316393175956e-01 -2.636218156660049064e-02
1.392352984212769096e-01 3.649208038855911718e-01 -4.847038212636220478e-02
1.169111753074815185e-01 3.859220797503982725e-01 -5.599496804259010418e-02
1.035522665626176647e-01 3.929029403809081722e-01 -3.248376105182784745e-02
1.103982681692935869e-01 4.060821341745223245e-01 -1.393418892492164635e-02
1.161716216772847310e-01 3.901703494335717615e-01 2.133151247421430363e-03
1.371577061949748877e-01 3.597131314692959547e-01 3.279637685582537654e-01
1.592291174005960597e-01 3.542955531495040611e-01 4.080233916853038822e-01
1.750684561535916783e-01 3.735052244051323411e-01 3.743647757304323642e-01
1.861185760619822882e-01 3.885517325946775680e-01 3.376086361320501106e-01
1.969840512194435955e-01 4.146725092005218993e-01 2.893418298212255824e-01
2.036613023537577893e-01 4.397154263419918996e-01 2.413264041974147456e-01
1.825207637253500326e-01 4.376228353794621162e-01 2.087914611790832875e-01
1.789048918862971849e-01 4.477548999367599314e-01 1.741489924202933026e-01
1.601240619275696719e-01 4.506997734804113476e-01 1.382632111450641244e-01
1.674889735784097222e-01 4.352648125022167136e-01 9.897142950737267131e-02
1.620830408387828325e-01 4.342642581697098159e-01 6.289898073120350763e-02
1.388142509201646946e-01 4.125152968382052587e-01 6.569406338390382238e-02
1.421229187644299230e-01 3.870157841728509851e-01 7.282761949831861870e-02
1.185865504901930934e-01 3.898754350258539225e-01 8.202982538451576711e-02
1.096997786392238661e-01 3.627557248473134988e-01 9.063401327828406184e-02
9.415212821819185507e-02 3.344430800458857433e-01 1.271327872295460737e-01
9.417001678230751960e-02 2.871582371589437854e-01 1.424816549190556225e-01
9.268005286014485700e-02 2.699634996756712368e-01 1.401284567703240946e-01
9.701785177510342806e-02 2.396349318699041164e-01 1.320571175816616927e-01
6.417555966686269708e-02 2.446749187788010427e-01 1.176929067485250890e-01
1.007349083841877213e-01 2.191907190275860506e-01 7.849797286183063383e-02
6.504239451183109477e-02 2.255495201564833296e-01 6.258947888095027501e-02
4.446249586927161768e-02 2.422599407895077439e-01 5.977515822900438675e-02
5.617745972000420807e-02 2.339900618454404113e-01 1.889999234759585228e-02
3.882028143822176258e-02 2.836115250138809274e-01 -1.723440958971099446e-01
3.827778869025725422e-02 3.202242148443308345e-01 -2.333242319957612998e-01
3.945869999990851001e-02 3.352309273496170139e-01 -1.903653015918082558e-01
4.543968312962369527e-02 3.284384527941169862e-01 -1.495185662032821605e-01
3.744918749159590471e-02 2.995291246632452165e-01 -1.095868049938107935e-01
2.351970979988639299e-02 3.169370173668975554e-01 -6.921989430099015350e-02
1.612640950077605731e-02 3.260923841775714704e-01 -4.411353330230258218e-02
8.114905509793070987e-03 3.525820758873167149e-01 -2.801592388830910496e-03
2.246355984741413292e-02 3.490010083651831629e-01 3.804958784568280850e-01
4.232908551732746799e-02 3.462941758725050501e-01 4.842512840279039610e-01
5.787251189012260905e-02 3.373301142234470529e-01 4.568770282500013158e-01
5.482897979066642113e-02 3.382626700887384485e-01 3.988336232319308339e-01
4.247236355643291272e-02 3.179407189226086672e-01 3.413163420216626665e-01
3.768094338716022201e-02 3.375949960386357418e-01 2.724096622739844986e-01
4.575014238534150235e-02 3.573273801577540043e-01 2.165267824714104949e-01
8.401535562337072993e-02 1.708593274473074464e-01 7.199359090638504655e-02
3.589766335048281271e-02 1.783212953737779716e-01 1.987527215456763030e-01
1.347113495005890227e-02 1.732883816589868287e-01 2.148908527418525172e-01
1.343420936180848672e-02 1.583278795547346518e-01 2.094177155033469240e-01
2.082498348122657078e-02 1.808658236833597388e-01 1.906717589140539126e-01
3.386180120796981191e-02 1.857043262617471824e-01 1.318615597444760534e-01
4.856609094022533435e-02 1.680976937001185667e-01 6.891889053523769793e-02
2.135539223543525544e-02 2.229586577152133375e-01 1.683638336434193916e-01
2.428175417693980917e-02 2.531518638200996874e-01 1.808041893806458522e-01
2.874749633322084066e-02 2.648081875299113097e-01 1.728293879281637135e-01
2.967476000652272822e-02 2.758337486224498036e-01 1.394205875620594948e-01
2.526546297141986364e-02 2.719055414272381066e-01 1.442192058983186864e-01
2.237662446459210905e-02 2.409452987476234098e-01 1.350963313967105395e-01
3.784783912183963678e-02 2.303798227331868287e-01 1.238450236966750773e-01
4.408822430710766793e-02 2.175123311843369378e-01 1.157331716104284536e-01
5.512761995075744770e-02 1.555504411495966244e-01 7.702996429726978456e-02
2.860760309345410438e-02 1.619877589744807833e-01 1.943498034741911185e-01
3.524466404443229312e-02 1.415006939906778283e-01 1.936592994180941218e-01
3.331411133898683208e-02 1.519449450544076985e-01 1.694567220590766643e-01
5.819909427913795563e-02 1.786031154640574936e-01 1.565837816818799466e-01
5.909022166494811573e-02 1.777874669737071200e-01 1.471156527090760058e-01
6.691529688351793848e-02 1.465762289444249300e-01 9.762242035734813861e-02
4.812374833228080795e-02 1.283880675524376458e-01 8.311258241549809855e-02
1.298121133060289173e-02 1.806659131786435279e-01 2.245451699065297568e-01
-1.486954036320228476e-03 1.916538731475301294e-01 2.410587672518679225e-01
2.084010978638724948e-02 1.706927034191126347e-01 2.044442584040115363e-01
5.314775399788948529e-02 1.525537951277075033e-01 1.729440319984210106e-01
9.084582196885886141e-02 1.505870984983939398e-01 1.799986360937855245e-01
1.343109869967908931e-01 1.287654792286500038e-01 1.404913924958094973e-01
1.468317462596017142e-01 1.194369082004032856e-01 1.442815976949755608e-01
1.489200889579241349e-01 1.270339290402962007e-01 1.332038156425853770e-01
1.555457996889370864e-01 1.615587801527943457e-01 1.376375825413200249e-01
1.489718162896238318e-01 1.877145212021658072e-01 1.489980631515455400e-01
1.413685887484651682e-01 1.678074522174576588e-01 1.195578608099050616e-01
1.403480752453366009e-01 1.647939090061122103e-01 1.288953370407870946e-01
1.477058395571390070e-01 1.519143184966139648e-01 1.284978465935224801e-01
1.566774771974818736e-01 1.579565922728661809e-01 1.358798499135022708e-01
1.416374154618008085e-01 1.521802593627812894e-01 1.295699759407251128e-01
1.337318151641890829e-01 1.696850791725649510e-01 1.389914361096109829e-01
1.514593129793149195e-01 1.875831848435174365e-01 1.305488625136331515e-01
1.551528044645522075e-01 1.774359429449498538e-01 1.148158567132757657e-01
1.472184462456149201e-01 1.965962379498246149e-01 1.237037408946088657e-01
1.597441099669503484e-01 2.057842761816198185e-01 1.261649167127057991e-01
1.606836536834370666e-01 2.322348648003126903e-01 1.048068083767171865e-01
1.267316916814779093e-01 2.411851019006254759e-01 9.997905352861154171e-02
7.970175902710162352e-02 2.231875904703063407e-01 6.039936902780416311e-02
4.363509400225333568e-02 2.624111047148745546e-01 1.355551571774010478e-01
2.367610820172343783e-02 2.726185528240415157e-01 1.567934931219772121e-01
7.775451483617502879e-03 2.537439706577221954e-01 1.481256684057570550e-01
5.623896437768859981e-03 2.442906535306824944e-01 1.180561508542176674e-01
1.828218480033685922e-02 2.403442857801853239e-01 9.197460028906515039e-02
6.477502236505834621e-02 2.201028318010069817e-01 4.863169420265718579e-02
3.423847243036674814e-02 2.892077835578853451e-01 2.503611911136165435e-01
8.963306511684924344e-03 3.237858798790084203e-01 2.901135830929140180e-01
3.684392941763135233e-03 3.201218519150091923e-01 2.744171739463838744e-01
-1.202470969909387455e-02 3.304720419767312456e-01 2.258807978603089295e-01
3.721694385059013538e-02 1.514947018205259066e-01 7.023625311065712085e-02
2.930928953428182937e-02 1.446328526925956259e-01 1.568572926123975031e-01
2.625995029329959707e-02 1.188297839814875245e-01 1.454083072163293577e-01
2.684483361585185759e-02 8.084015260620630583e-02 1.115166548078913578e-01
2.504199505533376280e-02 1.081393945374521104e-01 1.313333324860190277e-01
3.913558410365303164e-02 1.232824772197141233e-01 9.639211363243105346e-02
3.102533620692437058e-02 1.594469522667342209e-01 1.383113576328123540e-01
3.046111004490919746e-02 1.449942524034258939e-01 9.597324995432827965e-02
2.237849356993647926e-02 1.455514132976005459e-01 9.520553980343973710e-02
1.760143266017732619e-02 1.768423935163442318e-01 9.045110243362994296e-02
3.655016822220153588e-02 1.662703039263326299e-01 7.357921017533605723e-02
3.420389386369307450e-02 2.039379149576958095e-01 1.556453567011608641e-01
4.955940145826259746e-02 2.071456776273327138e-01 1.962457088633490221e-01
3.737511493069554935e-02 1.908914159560111123e-01 1.923762890574482742e-01
3.457880103482002115e-02 1.795305357250348566e-01 1.421961987871806776e-01
6.625603078258116008e-02 1.467933692254509981e-01 5.398045100539944352e-02
3.035812673789410610e-02 2.751306032646750888e-01 2.097703571215701612e-01
9.064430162144351821e-03 3.174015840130761101e-01 2.645721456658375881e-01
5.898367707764178708e-02 1.082973845465859397e-01 1.055758595443728187e-01
5.707348407632927695e-02 6.809383388303186235e-02 9.095539488085276070e-02
-3.102556541632153081e-02 2.056512266544305856e-01 4.008179098127487849e-01
7.723297768466308444e-03 1.004046094306051684e-01 3.649658285176641814e-01
2.465536225398614473e-02 6.926232906594950722e-02 2.905858867683477342e-01
2.168047330517738555e-02 5.659902202525154274e-02 2.402790278038866023e-01
3.154022681549640411e-02 5.204303457302827951e-02 1.810474739254553933e-01
3.784153238771566230e-02 5.394284444813374907e-02 1.304649419531392907e-01
2.150665687841276166e-02 9.851303032677162508e-02 1.518039782123662418e-01
5.952149867946944506e-02 1.030067907056299581e-01 1.428491526962566427e-01
6.344223623732721251e-02 1.178706275052514851e-01 1.201969787676033519e-01
5.755725365529019977e-02 1.103257892915591731e-01 9.737947754058633165e-02
4.502550695050717283e-02 1.350539397452016621e-01 1.425099826248328594e-01
4.940609340878971550e-02 1.373725779844023609e-01 1.245485875609328025e-01
4.581667123965399435e-02 1.263355874129684919e-01 1.114048141582632545e-01
2.507145110408467992e-02 1.316594752336923968e-01 1.280151586907015138e-01
2.669682443294785212e-02 1.296399707555868641e-01 1.114133250365386962e-01
3.912582850717043897e-02 1.204087981658122503e-01 1.023510804541916397e-01
1.701306713155059311e-02 1.532588745847222877e-01 1.169540406301141644e-01
-5.419352836062499290e-04 1.605503830271835242e-01 7.755589775457122359e-02
5.715656224363700744e-03 1.693656481772301270e-01 1.886968613253228039e-02
-3.792585845883323509e-02 2.091797887210974649e-01 -2.043723808710329048e-01
-2.982414185730167949e-02 2.239341268558150966e-01 -2.609219169945628525e-01
-9.645136446311750045e-03 2.376847753736293090e-01 -2.430579187300791755e-01
3.251718748102077478e-03 2.657345852458985469e-01 -2.216901937026134195e-01
1.222398876959195774e-02 2.610314007646832857e-01 -1.859649042892982385e-01
3.043795808769287833e-02 2.815369754329506979e-01 -1.218963439316315955e-01
5.654798555825403528e-02 2.907680290187030780e-01 -9.594828501007593435e-02
2.210397860813839710e-02 2.808336812519091619e-01 -6.508423118707470922e-02
2.602083644801803791e-02 2.893163464436809829e-01 -6.633195737316377461e-02
3.700647083181465846e-02 2.885220889177570469e-01 -5.356567990323250761e-02
6.390792916209786512e-02 2.794739163899623291e-01 -3.902062079683746298e-02
8.052279019946775862e-02 2.779511116207045718e-01 -2.631397979063435089e-02
8.507377691877397730e-02 2.983150216048387482e-01 -9.905852932651126180e-03
1.069274205288692492e-01 2.689960835537283934e-01 3.593440582978682518e-01
1.703483173981471255e-01 7.869310419367200882e-02 3.323797582363250402e-01
2.111079491108920347e-01 -4.642045923673315810e-04 2.431245114344736113e-01
2.149998148694950428e-01 1.934342519475319364e-02 2.196182317706182607e-01
2.058733467128836536e-01 7.647995865887209643e-02 2.275686092981092645e-01
1.984096154136064383e-01 1.120019511699342218e-01 2.278096897361455708e-01
1.932870704943129569e-01 1.191844539998519054e-01 1.927606433828299159e-01
1.679111890030039189e-01 1.488677395755719224e-01 1.740352297029197637e-01
1.464678104098774414e-01 1.591461616120333766e-01 1.482024000787978135e-01
1.299280725151807925e-01 1.856891035741548568e-01 1.275346635968715170e-01
1.176883975266871524e-01 2.162898047978636107e-01 1.039840572080759501e-01
1.097213461014993896e-01 2.108494730451475341e-01 7.614412273854349877e-02
9.764332391192315219e-02 2.432858748119842707e-01 1.264452197752473084e-01
1.065286178160661928e-01 2.232939799140520043e-01 9.208964171192968173e-02
1.236524644679198870e-01 1.972086931733524062e-01 6.682955685275850100e-02
9.254284038527030298e-02 2.994420424249934487e-01 2.807197360132924202e-01
1.063132024369252138e-01 2.592935367580544992e-01 2.867185062296971343e-01
1.295227584212949867e-01 2.416175922883294080e-01 2.687445863655094080e-01
1.354868808802129065e-01 2.435815524272228472e-01 2.239868338525241309e-01
1.530999000258653486e-01 2.106064134244606811e-01 1.803913494937279816e-01
1.597422750922142531e-01 2.110855494872496685e-01 1.412102840514032898e-01
1.803436783314703029e-01 1.813292550129693981e-01 1.019620078297092530e-01
1.749117352892392563e-01 2.127229110755016195e-01 1.147121706137666231e-01
1.950922264321693911e-01 2.410848451517880187e-01 1.043988943268158720e-01
1.890045837559349573e-01 2.514567316983600254e-01 9.142514445592007932e-02
2.072022115707569112e-01 2.600292857969322413e-01 4.843064447746336931e-02
1.888799693208614849e-01 3.234382800768709765e-01 1.345512930706918020e-01
1.527453166302383536e-01 3.625135778652834317e-01 1.400024894760593663e-01
1.547650328375557160e-01 3.761863417498291784e-01 1.574754305594799064e-01
1.450855142761305894e-01 3.569374516554949528e-01 1.665960306140052138e-01
1.229716300267320456e-01 3.276346936669884968e-01 1.525538163542336789e-01
1.257324535819934475e-01 3.194339520139226618e-01 1.039167516815154568e-01
1.061107356132902496e-01 3.062629462923857626e-01 8.005899619541910484e-02
1.017516089153624181e-01 2.679848712402740918e-01 3.927092107183126346e-02
8.953836791534756923e-02 3.071637424575632269e-01 7.564175693153127322e-02
9.824650873608949120e-02 2.838806765298681478e-01 2.609965266872900369e-02
5.935000718274247716e-02 3.124374215239764663e-01 4.452909210766020642e-02
8.500939250210029496e-02 2.649499349402029136e-01 -3.305126923340574729e-02
7.842020115035311378e-02 2.832581550064001696e-01 -4.907727494490132097e-02
7.511588862108534159e-02 2.970046580367885491e-01 -5.059414523328354535e-02
6.687272568940764994e-02 3.249615931348226461e-01 -4.834099645301306869e-02
5.273710328015607934e-02 3.479055518578785255e-01 -9.702587199783882510e-03
5.524799476992469510e-02 3.178015187998166069e-01 4.194644994415993589e-01
7.406562109101330615e-02 3.118611908379082531e-01 5.417925525288631583e-01
5.974776527819509325e-02 3.201117503622729621e-01 5.322387834231446790e-01
6.546929341281922110e-02 3.271335887077151949e-01 4.795264049831514663e-01
8.524468625842575309e-02 3.472882344771117125e-01 4.188222138237980285e-01
1.042390419902507470e-01 3.351686973382270174e-01 3.458968688377785927e-01
9.436303276280186281e-02 3.138122629503423688e-01 2.564931793582185815e-01
9.752939616738272310e-02 2.516063761266944532e-01 1.293340700174430147e-01
9.430965627477677637e-02 2.291090564270023555e-01 6.656855428048537304e-02
8.825596573916370813e-02 2.521713966059309087e-01 5.686327839122249511e-02
9.472599704477523141e-02 2.824486616576356024e-01 5.606063264026579784e-02
1.155570338405998015e-01 2.781819866650687145e-01 2.328325948939495571e-02
1.091103314718155637e-01 3.506295209158022952e-01 8.083386537514300474e-02
1.084652118049666408e-01 3.631631474604332666e-01 1.477227474944097785e-01
1.369283515576117383e-01 3.729946205638077772e-01 1.441385569180400339e-01
1.391238499218194202e-01 3.788467003916942688e-01 1.487298785659241784e-01
1.656511488692009315e-01 3.517088979658628545e-01 1.304631867124389777e-01
1.912267166156197684e-01 3.197985902580517403e-01 1.049121713166966674e-01
1.988280984747518854e-01 2.929643724467051458e-01 7.055585129881876416e-02
1.665896248434961813e-01 2.827159336681139834e-01 5.658485126100665230e-02
1.235377325354538036e-01 3.188306099503440683e-01 1.157908741101504602e-01
1.143757747039940570e-01 3.274713377596915609e-01 1.422085221723455861e-01
1.207651319423971303e-01 3.311663434559860564e-01 1.357731682514673743e-01
1.495405417402583259e-01 3.410211671672992439e-01 1.119835626899012421e-01
1.788421070514376321e-01 3.279339076525009111e-01 1.101202242518893870e-01
1.814815323103197431e-01 3.209959269626126432e-01 1.043646527233087484e-01
1.680632104964309703e-01 2.825458742525481237e-01 7.451431097908890744e-02
1.697471433847805855e-01 2.769445625617057427e-01 3.720808885070572836e-02
1.581993629243110544e-01 3.333117780934401475e-01 7.684473780710233959e-02
1.773338810158463230e-01 3.136108799622248644e-01 3.610480291170840850e-02
1.649106788929637635e-01 3.467058709735981181e-01 4.907012652101497979e-02
1.740088520329481914e-01 3.345994518021941921e-01 2.365135632523679421e-02
1.783365683947050750e-01 3.478588449550532591e-01 5.014621382899910051e-02
1.747692650186890573e-01 3.520082798155254600e-01 1.465476134056522411e-02
1.752703221988628768e-01 3.588700155308409689e-01 -1.608457158760842956e-02
1.945800699050344307e-01 3.399784100470087944e-01 -2.126293456283330149e-03
2.072198623228375391e-01 3.202792611900538433e-01 3.242405778437310593e-01
2.733401881263874955e-01 1.457953376831025161e-01 2.878203106014295964e-01
3.199727523170667332e-01 9.887404384780298927e-02 2.448934549329146448e-01
3.262241674196956209e-01 1.138107071444994511e-01 2.474751243709969184e-01
3.105266321981200450e-01 1.302730881474958025e-01 2.633096284211640103e-01
3.037443384259604362e-01 1.594086116651557417e-01 2.490382732025242518e-01
3.367990011795293226e-01 1.545560893462288032e-01 2.038832008976357857e-01
3.379599227533126027e-01 1.721596133402002737e-01 1.933217487835293957e-01
3.168153038605894811e-01 1.878215761937442885e-01 1.939068013554799408e-01
2.966662193530221758e-01 2.160765080038966612e-01 1.803769749625283303e-01
2.591429851565431042e-01 2.398809760817257886e-01 1.722290631788183646e-01
2.356758467696431492e-01 2.210744762796080787e-01 1.523274943050399177e-01
2.466835791858688898e-01 2.138274966357060491e-01 1.402611343050000070e-01
2.292498513986960806e-01 2.066918874812097850e-01 1.190808319158016687e-01
2.394892705484617801e-01 2.094138409539087198e-01 1.036142050135981235e-01
1.895627351897701818e-01 2.328707645958344175e-01 1.717677778473195582e-01
1.628590639400024354e-01 2.286491625603083444e-01 1.836420145073470456e-01
1.560461576217563873e-01 2.173399372855892575e-01 1.714333459809053994e-01
1.351130722858036870e-01 2.076679142287012614e-01 1.690345659003009149e-01
1.373836150489468055e-01 2.050896370928270707e-01 1.445537749990489229e-01
1.378452862272151469e-01 2.021292859242706796e-01 9.640439496887223680e-02
1.409549953607003858e-01 2.060718657449229496e-01 8.179914723064948823e-02
1.046087148185531751e-01 2.261853459821729917e-01 1.674156662309412846e-01
8.028579405720917550e-02 2.310277991745240400e-01 1.880730265312667571e-01
6.170942828474805519e-02 2.250835170136332719e-01 1.583925012777271657e-01
7.013636982774817952e-02 2.146163204215174314e-01 1.381778077775083491e-01
1.037198964045797367e-01 2.172424218681934804e-01 1.280370441294609307e-01
1.155909125683445560e-01 1.847781112030326967e-01 7.087190976675999954e-02
8.607186535491781476e-02 2.528097849094931293e-01 2.575249867133764248e-01
9.828566176432815271e-02 2.666481355834708911e-01 2.964079575105542097e-01
1.007685633214044502e-01 2.617245969361786662e-01 2.720032358311063048e-01
1.540225749214169104e-01 2.337467164684511878e-01 2.094523228315974817e-01
1.824469979877249848e-01 2.117482141222772896e-01 1.852548255941817157e-01
2.189276705709185256e-01 2.218018296961908609e-01 1.985451537658820820e-01
2.656123650813250192e-01 2.351856277452342159e-01 1.633633289320420567e-01
2.936287791541699610e-01 2.353784970851917346e-01 1.345995950782211681e-01
2.663832007591579454e-01 2.647492422444818194e-01 1.351124754311938680e-01
2.640814847126212173e-01 2.730041839675759752e-01 1.205647217431640439e-01
2.606622734674772235e-01 2.578495291639855691e-01 1.031512072496735405e-01
2.472831025649493975e-01 2.760999583044537742e-01 1.462911790301909265e-01
2.610998002678823204e-01 2.691038214537553874e-01 1.230416220766955282e-01
2.679011490390131867e-01 2.764653471314520439e-01 9.319204861082999725e-02
2.418624019009789072e-01 3.199154264626730138e-01 1.083480591665665488e-01
2.513904408900379805e-01 3.126334044998270723e-01 7.987269732900335872e-02
2.413515660521245443e-01 3.217945668962394756e-01 5.398521875714160090e-02
2.441695713923287270e-01 3.335311495550423166e-01 2.640231344576092487e-02
2.364136360279206484e-01 3.664930842390421439e-01 5.669591414741571855e-02
2.330293243655314206e-01 3.919980479562932829e-01 4.077663426899830190e-02
2.174339979289696134e-01 4.219993491893748172e-01 5.033369144127618211e-02
2.482930458126199336e-01 3.960453594940994138e-01 -4.019677140438185359e-02
2.578951487036011958e-01 4.128008796904196198e-01 -7.077147095810090716e-02
2.298518948361828462e-01 3.953290427016051822e-01 -6.684362147132100196e-02
2.122900506594730397e-01 3.947599058468116429e-01 -5.520675102151778590e-02
1.663848696763309265e-01 3.840008747219226248e-01 -3.887615782228809325e-02
1.476975571604653148e-01 3.831214911672825019e-01 -3.296142333748310754e-02
1.617636397010820126e-01 3.953595948350142608e-01 -3.864109402714681341e-02
1.830084131289705651e-01 3.684421981555253689e-01 2.103551416764998239e-02
2.003531336764733661e-01 3.504041567272989655e-01 -1.425279081276528692e-04
2.076235670069188355e-01 3.120408828785758426e-01 2.978151480852777588e-01
2.434211946770981627e-01 2.427430185472402302e-01 3.637563397850702707e-01
2.625357270410336175e-01 2.086646716210080466e-01 3.481038719404956905e-01
2.879098765527652870e-01 1.773683819526150618e-01 2.810352490281954885e-01
2.711541204542721184e-01 1.604849373146585156e-01 2.139158249515123456e-01
2.807633828708151480e-01 1.689919753606413666e-01 1.960042054037033354e-01
2.755358835496015679e-01 1.817956346772255094e-01 1.493310609169995196e-01
2.659438108472786944e-01 2.097628225954002168e-01 1.296315852094497845e-01
2.621949916882417853e-01 2.486127281116444210e-01 1.391206749807269993e-01
2.682365020795637323e-01 2.481357093861498164e-01 1.284469632679797191e-01
2.635027333018323814e-01 2.464646312508958770e-01 9.875093102994048078e-02
2.149950950232379643e-01 2.645477015506060292e-01 1.761703396861309667e-01
1.820300704145520754e-01 2.607014142148567082e-01 1.720803256267924297e-01
1.691255683574922619e-01 2.935830847625178208e-01 1.459048916104073723e-01
1.735621069769461011e-01 2.906028537023389036e-01 1.238292228145027041e-01
1.800966974817962973e-01 2.534732549696293580e-01 6.303840876163592510e-02
1.540244506185821649e-01 2.679196171639049995e-01 1.848167543814546038e-02
1.555860588366412556e-01 3.223713382518088033e-01 -1.625360286243915375e-01
1.573210891304367420e-01 3.236934012860321341e-01 -1.827762106512533513e-01
1.798613304393675838e-01 3.441745619200634598e-01 -1.793963811947766607e-01
1.985081481589782981e-01 3.301329824795785628e-01 -1.433765073408554414e-01
2.022158947517377070e-01 3.159015532873430954e-01 -9.471921906515672063e-02
2.063888304939713869e-01 3.079518636825675504e-01 -5.152707422479656935e-02
1.864152654959287392e-01 3.178861989212723449e-01 -6.396887230098126376e-02
1.847747995426187728e-01 3.419525604597393187e-01 -5.256910981877246924e-02
1.938452153377163700e-01 3.446118614846672146e-01 -4.444760007803194579e-02
2.100275705772999268e-01 3.484503444752740653e-01 -3.578677794843351800e-02
1.748754346347337618e-01 3.640150384021699770e-01 -3.684242973915236030e-02
1.412702029808914628e-01 3.906731729784400087e-01 -6.820857580961101757e-03
1.177915618175001677e-01 3.546950973815006236e-01 4.253211235081020281e-01
7.794154006571579751e-02 3.567866654821026939e-01 5.201122428348783355e-01
6.683423830668631938e-02 3.682975207237334514e-01 4.910558842314571848e-01
6.570577742267456889e-02 3.947357237022425247e-01 4.071201725965882812e-01
6.009269592671370036e-02 4.204798026619078199e-01 3.540495850817617640e-01
6.126718853874469489e-02 4.178990792648582531e-01 3.045423506122135748e-01
7.328043701658254472e-02 4.061486365962173606e-01 2.518845709526809085e-01
9.179541732425507139e-02 4.006538514535664675e-01 2.011145280282541914e-01
1.004328745031803499e-01 3.921953680158551392e-01 1.486956375535512798e-01
1.076427901442002233e-01 3.911558859951529410e-01 1.106156842725261602e-01
1.196165003561454609e-01 3.871910515424330512e-01 1.158408624317221469e-01
1.327781436586550901e-01 3.932703434925522434e-01 7.899035771594124788e-02
1.428733829460200611e-01 3.764238801412660429e-01 6.669292770583330754e-02
1.720850655957875119e-01 3.290930835630779261e-01 -3.495153970646897035e-03
1.799984969245618238e-01 2.806101482576311423e-01 3.340473284862131020e-01
2.092908094800050856e-01 2.380243816374593147e-01 3.819308574066444528e-01
2.244175753477825053e-01 2.050894134672058278e-01 3.368635110164709401e-01
2.435221022990241291e-01 1.905206255571698093e-01 2.887976916312897102e-01
2.403658683105052984e-01 1.934252985368525024e-01 2.099675379439120970e-01
2.425375454424671118e-01 1.957035954993974758e-01 1.643055717271625360e-01
2.450633331414177885e-01 2.057177164201158537e-01 1.373525463377515687e-01
2.244627024922467295e-01 2.016478435932644586e-01 1.123672071961198393e-01
2.052941219466115630e-01 2.323825101794167458e-01 1.345433069693814376e-01
1.986618639309130352e-01 2.452229062954267846e-01 1.084225670830183952e-01
1.985288561076408442e-01 2.308238922324018783e-01 7.445649434300741221e-02
1.598851828463599412e-01 3.173584776152771902e-01 2.359025334091348902e-01
1.435756166027269964e-01 3.689363599326791476e-01 2.762057424354154023e-01
1.323819160457031796e-01 3.796242412474195027e-01 2.611662421740653106e-01
1.219714794149437259e-01 3.893091578942425857e-01 2.052893553317468034e-01
1.792547346220522142e-01 1.798375097373606235e-01 1.297506022871508513e-02
1.628053981471709044e-01 1.531548140531100721e-01 -4.624199419833345259e-01
1.890230156133560213e-01 1.685300956778343073e-01 -5.714363180717400015e-01
2.049147591937069690e-01 1.832461519755080037e-01 -5.498412950008693123e-01
2.206672829505817168e-01 1.901198359652213898e-01 -4.554591722984541735e-01
2.201982547433613546e-01 1.937297429857619546e-01 -3.788196350071227902e-01
2.436770239697212403e-01 2.189530853002674138e-01 -2.947273967031012742e-01
2.485867117019842365e-01 2.387076542372454646e-01 -2.339330735140696116e-01
2.503403423113184645e-01 2.251235857019558417e-01 -1.765228356780955687e-01
2.475883692644298695e-01 2.329398758996799879e-01 -1.186013632545615398e-01
2.481084330911635938e-01 2.469260326716292420e-01 -6.704163397934070900e-02
2.494182304111304538e-01 2.544951738080449832e-01 -3.148564999629894362e-02
2.822052057599170882e-01 2.817405307353319510e-01 4.393495977726917523e-03
2.977302540801878283e-01 3.042190613749545247e-01 -1.108425224857849389e-01
2.838114825648892503e-01 3.084108084017415652e-01 -1.274633790655140542e-01
2.757057238099321350e-01 3.062369266446582916e-01 -1.034281323619984927e-01
2.654270195133788257e-01 2.891899789560335443e-01 -7.337973092652111395e-02
2.551112715062434644e-01 2.652313661993454530e-01 -5.925786309908150085e-02
2.398886375132509019e-01 2.513617872541667464e-01 -3.113301212088216696e-02
2.318444047403215025e-01 2.406613853077303466e-01 5.902145873336379911e-03
2.235738801234301576e-01 2.663882012843897806e-01 -2.309674488462049591e-01
2.085960711302816128e-01 2.753621718029395926e-01 -2.687392693493549367e-01
2.009716283912617030e-01 2.614021926781779359e-01 -2.463743251215287922e-01
2.010908038903300721e-01 2.545604841562454368e-01 -1.757221230046617511e-01
2.111468842808025548e-01 2.351156295999537738e-01 -1.237191905325413233e-01
2.065928566095607821e-01 2.310634122794582579e-01 -8.287393531771578004e-02
2.089301719912954880e-01 2.377648414274024513e-01 -5.357242113143985407e-02
1.974642358982175439e-01 2.100046492887030214e-01 -1.259624029534520129e-02
2.063140593685990343e-01 1.816857650023596671e-01 2.619032117801367576e-01
1.930186104425929694e-01 1.691960911399344736e-01 3.178859846953815405e-01
1.909676044774650805e-01 1.659476220610575647e-01 2.890882533959097112e-01
2.297847404719310371e-01 1.667321395104192638e-01 2.271957041254098475e-01
2.656732320175008155e-01 1.877757642682844896e-01 1.594733920334565069e-01
3.015888389536016123e-01 2.231376309863561946e-01 1.361823566421657139e-01
2.902014215097402650e-01 2.413226193406055042e-01 1.487752760066701763e-01
2.620868736486842154e-01 2.375332367969771041e-01 1.482903826515492574e-01
2.500726274576049457e-01 2.401297065134664066e-01 1.049182780371538115e-01
2.316531080023734313e-01 2.441209660907454615e-01 1.015240169825851607e-01
2.287970206572606802e-01 2.515940575084359976e-01 9.173621411913329693e-02
2.127345999823805622e-01 2.707515702705690086e-01 1.368010639107093140e-01
2.116121171009524571e-01 2.592561217405192631e-01 1.097281195432366352e-01
2.016095201769076417e-01 2.593466621669055505e-01 1.008475886452029902e-01
2.072336810906539595e-01 2.641193474588834356e-01 8.746354470360295785e-02
2.127575160800743159e-01 2.709565565238665763e-01 5.791707331776638212e-02
2.014260775580896667e-01 3.075730121041176379e-01 2.950413144744357119e-02
1.698178645032421552e-01 3.484144347253907426e-01 1.172203182284787260e-01
1.885817901212621939e-01 3.641626948454764201e-01 1.813515345414822844e-01
1.764730813279409838e-01 3.482851906158333510e-01 2.085664420230187166e-01
1.773745036125844166e-01 3.397610122967491542e-01 2.103531783504812847e-01
1.943215489930912310e-01 3.361818974005810201e-01 1.975792283419150475e-01
1.993219615928992217e-01 3.004459517204426944e-01 1.931176782743093401e-01
1.933375872782495952e-01 2.806461559234073033e-01 2.028507872458673866e-01
1.840022482765145684e-01 2.578117136129451370e-01 2.026806940679432290e-01
1.836614757176114332e-01 2.396229384902311410e-01 1.913930972947269493e-01
1.691063862635240611e-01 2.171810157846093825e-01 1.584004181980823711e-01
1.663417840916175949e-01 2.172067332600989553e-01 1.032678137775026456e-01
1.767722706920515363e-01 2.040627767750196331e-01 7.529887681753505424e-02
1.221405529750239360e-01 3.053960654562329902e-01 3.015239871606310018e-01
1.413222744486431481e-01 2.250895950507339205e-01 2.517718000571963488e-01
1.465338841744979470e-01 1.927058218039449655e-01 1.986364303392043618e-01
1.414372156090823174e-01 1.906000112131632784e-01 1.695526395411088572e-01
1.452672390786002299e-01 1.691903080943887028e-01 1.167285503743969582e-01
1.260124341321943175e-01 1.972346930875889526e-01 1.271204523140916087e-01
1.392897777818092042e-01 1.967493216062438655e-01 8.936375699283088947e-02
1.653481563401784371e-01 2.165341258316476059e-01 1.234266927896787436e-01
1.753266784659863464e-01 2.313124748127032837e-01 9.700752919522233342e-02
1.582653315981072950e-01 2.319889621333127427e-01 6.966934218704304294e-02
1.043088807505123672e-01 3.053594659206955719e-01 1.825561566510459088e-01
1.074020782376591820e-01 3.158613195728340872e-01 2.115137967045826461e-01
1.115849446042963544e-01 3.084794244888782733e-01 2.002137775103490502e-01
1.086142883512428020e-01 3.027906443361021438e-01 1.780193190334571351e-01
1.117562296278243883e-01 3.116445528171878365e-01 1.521087339096117708e-01
8.675891529740395458e-02 3.184268622141866456e-01 1.146348579550225955e-01
1.000264741715789357e-01 3.251545542847071313e-01 9.056916750823743034e-02
1.122696886529378074e-01 3.403836640734853036e-01 7.646646274718185698e-02
1.564359546486670804e-01 2.910583569545347471e-01 1.050849069850627593e-02
1.662612165876291292e-01 2.867382641986455649e-01 -1.248736120793767918e-01
1.683886740835244533e-01 3.021577411204189323e-01 -1.521931893308740846e-01
1.870982934138371301e-01 2.990866688131982865e-01 -1.191988619838587754e-01
2.068841557841596679e-01 3.061309261843225826e-01 -9.679398047932241678e-02
2.153869372527126291e-01 3.080657133403575942e-01 -8.367918457358064499e-02
2.185438153261515526e-01 3.053758591586584470e-01 -3.436093095738802783e-02
2.243185857290936058e-01 3.184904871469265153e-01 7.722810554462999910e-04
2.358000153642333951e-01 3.309965358853411144e-01 1.310222919744961911e-01
2.625550961093334190e-01 3.277205400481032482e-01 1.829919368903722143e-01
2.878203695083408897e-01 2.937825914793829596e-01 1.926341465557903643e-01
3.077174909536143921e-01 2.674643525223111551e-01 1.591089675027734240e-01
3.316105378181600227e-01 2.438015536880548395e-01 9.324128340446020957e-02
2.812292215406314577e-01 3.358980886691132484e-01 3.137866423843751473e-01
2.961904376331010447e-01 2.561679847423079526e-01 2.807479613428600640e-01
3.081805263401527495e-01 2.309234492350983048e-01 2.176336629708300607e-01
3.193290330703436042e-01 2.209013547589047388e-01 1.742051046080660415e-01
3.327308697607495036e-01 2.017384779920892157e-01 1.508799493269936398e-01
3.343628493703952875e-01 2.352894014931189437e-01 1.628723317598093079e-01
2.994636072769139568e-01 2.710633484787662306e-01 1.527148965528020430e-01
2.673474341339664440e-01 2.723785748104342597e-01 1.188284402677813462e-01
2.373148502162845397e-01 2.719542102227434088e-01 1.192547874720062823e-01
2.332342426204838393e-01 2.591620212800775924e-01 8.586525096748348629e-02
2.171255373400773070e-01 3.033766887098595655e-01 1.302187554644225198e-01
2.235671251771016166e-01 3.002147620908364178e-01 9.930244893096394632e-02
2.186852431833065102e-01 2.990322097899637543e-01 8.127870639961648491e-02
2.120715190823270480e-01 2.932035900044641097e-01 6.688866333824264321e-02
1.899438217251700478e-01 3.107224160297472060e-01 1.360791595743209292e-01
2.045693080988505441e-01 3.058845074168612954e-01 1.479228688031995198e-01
2.100726978081929319e-01 2.738171214899902672e-01 1.466942683406029790e-01
2.299376583678922892e-01 2.605953951002812907e-01 1.144664183650976608e-01
2.375442360063253766e-01 2.500920329032398914e-01 5.843079784774404817e-02
2.190682604805703759e-01 3.017962076942479199e-01 5.378796642812094103e-02
2.186596860627357530e-01 3.627397843093912999e-01 2.830308046596326926e-02
2.061379878095985219e-01 3.679709655837451465e-01 3.003406674577267788e-02
2.186159034879093521e-01 3.557619008466066379e-01 2.476602158974024886e-02
2.384921230030709050e-01 3.503595388682283485e-01 1.354370389910438538e-02
2.658696629000260048e-01 3.564142035293564881e-01 -1.151218395765268507e-02
2.825599244730780391e-01 3.176563954451522287e-01 3.886732844874947190e-01
3.462406054929825783e-01 4.336528962998897896e-02 3.182561149545053980e-01
3.576048355566051051e-01 4.514701638400821226e-03 2.901403089715883232e-01
3.684417437392064620e-01 5.490772679490818486e-02 2.964021777593301987e-01
3.528645955118662747e-01 9.470981493540500673e-02 3.050069138807938174e-01
3.306387712105386956e-01 1.166546437110126677e-01 2.591518028335932367e-01
3.019967568604973174e-01 1.479028405362858845e-01 2.274886206031034308e-01
2.715002904709353793e-01 1.511957020848586630e-01 1.846147641074310231e-01
2.130927995765323490e-01 1.610922995057233742e-01 1.528190957933701632e-01
1.736533818563637255e-01 1.620905425388479981e-01 1.485424594201010529e-01
1.445591216851145888e-01 1.575758667495592014e-01 1.305520845424245624e-01
1.263470059358449971e-01 1.952257832238522839e-01 1.135908625926516369e-01
1.396993458820593448e-01 2.067993166893784263e-01 8.837096816227076046e-02
1.289058576813181811e-01 2.299534843700406228e-01 7.740407098504928363e-02
1.423497261946169434e-01 2.656173076728227667e-01 6.626796461889000733e-02
1.477892238237620004e-01 2.805205714882323398e-01 1.103097380311974379e-01
1.603469609469388435e-01 2.781231521540162288e-01 7.195858818050485106e-02
1.682484386161990364e-01 2.867078940393100184e-01 4.080963423099698978e-02
1.642722640410117785e-01 3.218594756805695511e-01 1.098133284803930465e-01
1.522613276565555895e-01 3.420344186431629185e-01 1.377483873745696252e-01
1.567763345774752792e-01 3.314065499605811649e-01 1.674596780160876874e-01
1.721698192774970548e-01 3.236864114826062400e-01 1.471236555011531666e-01
2.035932890063080758e-01 3.212867259814314869e-01 1.478153292444887301e-01
2.356342755978922676e-01 3.099591466009555263e-01 1.323571319017145254e-01
2.889197147304497504e-01 2.995149130682133731e-01 9.825027543684516917e-02
2.991596471593427342e-01 3.049247077716670806e-01 7.831431313083986323e-02
2.768373017055247853e-01 3.519118254513335375e-01 1.303959246338542433e-01
2.631822472077940400e-01 3.553897451278025255e-01 1.468345696032710979e-01
2.705086983430753933e-01 3.523864677424867198e-01 1.306841866501386173e-01
2.547180634015204781e-01 3.513393683513618693e-01 1.507726968259408273e-01
2.387386328641489530e-01 3.469107374996777682e-01 1.455865055584768253e-01
2.140351162602995572e-01 3.207996743290129071e-01 1.323429182281410099e-01
2.125405995348109145e-01 2.945891930688596672e-01 1.090929079480512237e-01
2.322584938352414974e-01 2.921555671600493120e-01 7.755824169959080194e-02
2.392008388363042193e-01 2.933078467221738594e-01 9.670392825442879203e-02
2.569424986814380363e-01 2.956758950005055064e-01 1.098060346522994751e-01
2.630521810760750867e-01 3.111829287059918459e-01 8.646394764014062040e-02
2.806287838083548203e-01 3.206727269967504790e-01 6.611140932311884710e-02
2.518965520497383759e-01 3.825242200800579306e-01 1.762494058739748348e-01
2.440584808962630303e-01 3.718104157327943304e-01 1.851089781312448279e-01
2.652126649247172896e-01 3.530027530505340794e-01 1.835664692670133102e-01
2.512471538209815058e-01 3.540048300337146348e-01 1.576206379577632932e-01
2.343210372776628747e-01 3.552770498625708595e-01 1.586560913994838617e-01
2.207045665923085265e-01 3.259378917053004088e-01 1.428387269438747831e-01
1.983599050224500726e-01 3.044634770924802836e-01 1.346144680093174228e-01
2.011756767395988521e-01 2.942767504627761821e-01 1.250993593609160681e-01
2.151387903067084606e-01 2.669112642421349602e-01 5.544603095159722495e-02
1.966683733815305368e-01 2.805409563269891660e-01 3.867507385791080221e-02
1.589651983791800505e-01 3.511384782106575786e-01 1.278389029103699781e-01
1.535208500829789713e-01 4.047965136148335419e-01 1.370917899440753651e-01
1.382398882773588911e-01 4.088314949653283348e-01 1.483410164171110324e-01
1.567731914460154252e-01 3.087358400294116789e-01 9.054117819865398209e-02
1.896937366514982459e-01 2.537769912503784475e-01 2.057519326461715314e-02
1.696112941366652860e-01 2.684568821845410569e-01 -2.876475233980271273e-01
1.599653345248704117e-01 2.821151459722238686e-01 -3.596827926891378313e-01
1.482070060589087412e-01 2.960284749074783561e-01 -3.535798770156919346e-01
1.201337900717583951e-01 2.892031650655478847e-01 -2.977024735339117156e-01
1.089342592364661300e-01 2.994797511272591084e-01 -2.539566128438247583e-01
1.162564987739813926e-01 3.170952976260816292e-01 -1.953476021598311574e-01
1.273391171907985175e-01 3.247904045107566917e-01 -1.446517116772171874e-01
1.575150875108192738e-01 3.362174661296407074e-01 -1.075169771856136491e-01
1.714459097912909291e-01 3.382311651204673031e-01 -5.343766619905446214e-02
1.757969733334605600e-01 3.543995680678857507e-01 -5.041014538023533276e-02
1.911634340274664112e-01 3.705609863852986074e-01 -5.649567034423812889e-02
1.858281963997175379e-01 3.689768245669962643e-01 -3.235777254775383527e-02
1.749290416566656736e-01 3.710438143471373462e-01 -1.218176266354335097e-02
1.867563253996673556e-01 3.375236148681096671e-01 4.330097984423837976e-01
2.016995417429841841e-01 3.203169328479295586e-01 5.380735459663292808e-01
1.777498236032920564e-01 3.076115538672997141e-01 5.134439599423947787e-01
1.581822350458030046e-01 3.133171168496929337e-01 4.411813003174940295e-01
1.673207772874006072e-01 3.008800765642689612e-01 3.567778998097707044e-01
2.261962322424443117e-01 4.072480607825468280e-02 1.328553286358217234e-01
1.318889070869133651e-01 1.177967293723087422e-01 4.509338045921031379e-01
1.037012210941828660e-01 1.328496653976607711e-01 5.079332381017092057e-01
8.623114061524422835e-02 1.617761957037837095e-01 4.906356973394653265e-01
1.059690473668938454e-01 7.149431583116609701e-02 4.076982059381836221e-01
1.320317466767998438e-01 4.473681713227589674e-02 2.938450017714641094e-01
1.375809526739953936e-01 5.011715971966340666e-02 2.175052350181139738e-01
1.241581181763788122e-01 9.801892230809350348e-02 1.815252264085096545e-01
1.178559095345003416e-01 1.074946439166137163e-01 1.205023590120298388e-01
1.015392056079959665e-01 1.453396354904510634e-01 1.367415608761208545e-01
1.019844134239703964e-01 1.725706598223746002e-01 1.385861094128514603e-01
1.200930716812032145e-01 1.835195339676630732e-01 1.123127930559323362e-01
1.423219818745570520e-01 1.929185476400142318e-01 1.177542740605953403e-01
1.589723237185395877e-01 1.884730691473409381e-01 1.085494703571053404e-01
1.710894120815293351e-01 2.054974438506200207e-01 8.680576791730712505e-02
1.355465126425834943e-01 2.714272021090882725e-01 1.781735432536914465e-01
1.299661302122099293e-01 2.749067665516940484e-01 1.885482803335944424e-01
1.390989779975276008e-01 2.842878365197428758e-01 1.689717409130861436e-01
1.375375885596336611e-01 2.926384200862229834e-01 1.332393972878364585e-01
1.227480593216589977e-01 2.935022232208338577e-01 1.038732959957086310e-01
1.471624493027219593e-01 2.727698698335692673e-01 3.513296128565387977e-02
1.348446640162102861e-01 3.075071163993113310e-01 9.051722317373041282e-02
1.487453536116582486e-01 3.011639113994548089e-01 4.949598605526776135e-02
1.495116128025597013e-01 3.514382723360885419e-01 8.066349172179737570e-02
1.871041665617897143e-01 3.336250267606202247e-01 3.749690050274984143e-02
2.017195477726465291e-01 3.250784300573638652e-01 4.291236895916039629e-03
1.969036459784397897e-01 3.177086498361671452e-01 3.923250539805124559e-02
1.907117041400534230e-01 3.081655575677730852e-01 4.731396860301251978e-02
1.841891210043958838e-01 3.135780064523622790e-01 2.343404810020158907e-02
1.983386058090845228e-01 3.723013966640682515e-01 -4.824709946290788726e-03
2.169673286594804573e-01 3.459182837240193931e-01 4.643399653935807447e-01
2.286046152691789402e-01 3.292667274179594816e-01 5.890917638345732898e-01
2.300013849305219960e-01 3.075517770223233915e-01 5.964146988560037332e-01
2.270312579293478072e-01 3.131881746553005774e-01 5.094652543610448392e-01
2.323066919141336673e-01 3.459922551034404492e-01 4.183148070768818449e-01
2.392313280402984244e-01 3.781869380358502952e-01 3.566989781528264736e-01
2.638680021814493459e-01 4.119181255531452202e-01 3.261581577074263993e-01
2.553734063524799591e-01 4.163631753894557752e-01 2.809159448577938090e-01
2.414771283210528363e-01 4.307252888663241075e-01 2.165830077152259836e-01
2.399616119135249692e-01 4.142263108456389897e-01 1.403419347204779011e-01
2.519779062782313006e-01 3.844910860589053625e-01 9.703827954236884934e-02
2.521391883344992757e-01 3.526328638742552424e-01 2.412325150557036169e-02
2.295959148114383452e-01 3.545583602296414338e-01 3.320979036758336250e-02
2.271221256239681907e-01 3.780008462358863119e-01 3.010409134091462588e-02
2.123241915797103307e-01 3.714623673452649433e-01 3.765595078451226124e-02
2.132109382559266852e-01 3.369429837781643400e-01 4.276768154087608881e-02
1.975540847693619539e-01 3.529944175623650482e-01 6.113362087226315023e-02
2.069379081285268318e-01 3.444678691114497204e-01 -2.149983981424062607e-02
2.079548556268328019e-01 3.510906246439600142e-01 -2.588247069820243801e-02
2.250507443783339168e-01 3.543464732152953323e-01 -4.389914919137934135e-02
2.402067355685793271e-01 3.538065747410941153e-01 -8.777816216287151474e-02
2.440186107056327991e-01 3.581842862639370573e-01 -7.092065416122936283e-02
2.222697720438509550e-01 3.500771202249167713e-01 -7.328718860505427368e-02
2.251458694399756932e-01 3.423267720881079668e-01 -5.615248989476279845e-02
2.403915437776422415e-01 3.277258246425291954e-01 -4.721096752011888498e-02
2.561366295666960280e-01 3.078327121227123486e-01 -2.017291660708204690e-02
2.700303723259345201e-01 2.508982623998009531e-01 3.997580497115625908e-01
3.014081981925204046e-01 2.267338612814787380e-01 4.861442448915319625e-01
3.649932489360335763e-01 1.105669349941993812e-01 3.789499155385172013e-01
3.986934724562892773e-01 1.007854842507268783e-01 2.893921661954110269e-01
3.930451173592673375e-01 1.378535767261203915e-01 2.559162770205527515e-01
3.866058289795509806e-01 1.826660875283030172e-01 2.287956985492912432e-01
3.684742729999429534e-01 2.001428464407336572e-01 2.399077839046799276e-01
3.541099667359320913e-01 2.059822056507241150e-01 2.291513724134710828e-01
3.599658082970848549e-01 2.072234044132068576e-01 1.968322005939631691e-01
3.585298189916745204e-01 2.042700315560850022e-01 1.893759016162787912e-01
3.517222489292703425e-01 2.320980615152039850e-01 1.879454250526467196e-01
3.462183481666924467e-01 2.688364091436485914e-01 1.805656475504601177e-01
3.208582617911338586e-01 2.904174065575679808e-01 1.601351667688845626e-01
3.236274648743956983e-01 2.719419246577788885e-01 1.339432046811047106e-01
3.536989636894065647e-01 2.676890623251857448e-01 1.225264739119564239e-01
3.321487721814319616e-01 2.944807532230300229e-01 1.448244174913811133e-01
3.260243769350618659e-01 2.960390346542772222e-01 1.163112868134347777e-01
3.275588985616765814e-01 2.985793134802054438e-01 8.483993648210660932e-02
2.911775833923774814e-01 3.361614174974087987e-01 1.693570899499547977e-01
2.857682066922712649e-01 3.409507104960847745e-01 1.587666519521616360e-01
2.844856879233417790e-01 3.279922973498363148e-01 1.321687532264791132e-01
3.007043925511803106e-01 3.289110270997514518e-01 8.753987741421961899e-02
2.904121644906412780e-01 3.151386522683665148e-01 7.302041088747893149e-02
2.687479835139239825e-01 3.482679629212417360e-01 1.469712102556044730e-01
2.707679777427057788e-01 3.364397390289347034e-01 1.551771957828317616e-01
2.791629530681207227e-01 3.302339632982797535e-01 1.408168125889425470e-01
2.790720886445871574e-01 2.798244892266065764e-01 8.869572397940450603e-02
2.552241008277863488e-01 3.110739829858079619e-01 1.414687150947363525e-01
2.733175414043630957e-01 2.800497793719989303e-01 9.510189847433749011e-02
2.691538275363044574e-01 2.621682866974371917e-01 1.029051134424688180e-01
2.607177913428699312e-01 2.614750713900887980e-01 1.257792883629463287e-01
2.843791984305442666e-01 2.602563668145826958e-01 1.228953195841021029e-01
3.101927994468444694e-01 2.617006705100516362e-01 1.147433593881604097e-01
2.827597856110475871e-01 2.938902744093659369e-01 1.465182443454026429e-01
2.685587838384193571e-01 2.800076497738703263e-01 1.240999270993120573e-01
2.640472373656436722e-01 2.424060058099263004e-01 9.641385312159231336e-02
2.495980281565849390e-01 2.527048818112367923e-01 1.429145553174866468e-01
2.514866921367557850e-01 2.547706868241143563e-01 1.377687047632792372e-01
2.562335601029450682e-01 2.659252856329394343e-01 1.297144415513359905e-01
2.360418773703488737e-01 2.837163716845149675e-01 1.028596535391761851e-01
2.237822818826668836e-01 3.039169627111423799e-01 6.223374068736753362e-02
1.779079119303439704e-01 3.425394219425199616e-01 1.510876216107355785e-01
1.571929709987197332e-01 3.525489216838929574e-01 1.554092039479688103e-01
1.561606483697724201e-01 3.439325187035508491e-01 1.634512405417263281e-01
1.425989900364201812e-01 3.288146321219688195e-01 1.562115777327582611e-01
1.435624594810563370e-01 3.147942248437836654e-01 1.393027728016553446e-01
1.584725310392399722e-01 3.038386171163884319e-01 1.332667021933873208e-01
1.633103063213192374e-01 2.910599246560614528e-01 1.448174909704593449e-01
1.920022800126932883e-01 2.943554629683987622e-01 1.478617869088955372e-01
2.155217955852000988e-01 2.775260578806078571e-01 1.451649606612813448e-01
2.214005966837674089e-01 2.601338475298146657e-01 1.104714822470936053e-01
2.087349973625698962e-01 2.361923449403682818e-01 7.028608954008912224e-02
1.901893392798483795e-01 2.822395134748584833e-01 -1.603313199500072672e-02
1.826240576089625256e-01 3.000731358862120945e-01 2.632566359155642521e-01
2.009342171957768097e-01 2.916081982261078953e-01 3.443639120625639483e-01
2.554873774906991080e-01 1.779935827254505165e-01 2.558942977139563868e-01
2.725773951541339279e-01 1.272091068572425154e-01 1.954746799790328948e-01
2.562116418429652431e-01 1.404733570992544589e-01 1.922249047783489984e-01
2.344991052298660839e-01 1.616165223071876489e-01 1.805863154171996054e-01
2.233274581391409275e-01 1.779140333826053078e-01 1.387437121029220510e-01
1.915107653314584435e-01 1.793954519435434214e-01 1.335517077415257770e-01
1.676388574218277139e-01 2.020185500805316559e-01 1.396462021418213295e-01
1.623974962941222844e-01 2.028799642919622837e-01 9.797596525792909294e-02
1.424518021220028408e-01 2.280068004353983935e-01 8.656294999715383187e-02
1.179891377352974002e-01 2.626909741186201352e-01 9.743529963541233685e-02
1.496232473976671362e-01 2.454867478071345588e-01 8.243439159775874103e-02
1.766730283804072987e-01 2.372512083015635431e-01 6.096439194988188814e-02
1.725785173653448523e-01 2.900248264370225426e-01 1.832649941835509666e-02
1.635485435307960367e-01 3.651573674528058588e-01 -1.488050814161944596e-02
1.630443926837569502e-01 4.050016122161577692e-01 -1.079974074785130383e-02
1.704974763678253624e-01 4.009639409718236958e-01 3.856995332658954556e-01
1.554281839169882606e-01 4.068456243751411017e-01 4.901194482522219231e-01
1.641333565595799460e-01 4.178832752924895866e-01 4.526048923444564998e-01
1.669844408291920879e-01 4.049996765947497246e-01 3.985186787572195799e-01
1.731853035381259454e-01 4.128483623999192886e-01 3.554146270473383940e-01
1.549135802559043207e-01 3.896799482068603604e-01 2.955396957676116321e-01
1.318497108411603724e-01 3.994738518998674492e-01 2.153125033222607621e-01
1.324009722005911049e-01 4.174848365730393085e-01 1.509573491470142526e-01
1.738222519335790861e-01 2.506610459222424758e-01 -3.957347536817562572e-03
1.881802118779797584e-01 1.671404584310225983e-01 8.653598921279277711e-02
1.070069991102927248e-01 2.301829259062058430e-01 4.495267207838928303e-01
1.454501993094271250e-01 -1.371472253975936084e-03 3.540995002556398541e-01
1.579088151918691951e-01 -7.112876016230737508e-02 2.956416164751776154e-01
1.257862894099165685e-01 -4.547006124400468363e-02 3.143458659279267375e-01
1.145877177820391890e-01 -1.820589918661924544e-02 3.053877419625351530e-01
1.043138986521057882e-01 4.507098538768854190e-02 2.581740491256851455e-01
1.131309072739316995e-01 6.810195925031845010e-02 2.036941220547350273e-01
1.059399545534168985e-01 1.064260869122050923e-01 1.635971702336247169e-01
1.061912718766508251e-01 1.274594605690434201e-01 1.654433845291383431e-01
1.226630658260527001e-01 1.065772821350045446e-01 1.609622989746503363e-01
1.190370211980120996e-01 1.012913406126680904e-01 1.646410577687885679e-01
9.052359642599827616e-02 1.102251658423236830e-01 1.534608173834911826e-01
8.302041822798812698e-02 1.233229855900052074e-01 1.462586894589756048e-01
9.686896398422090160e-02 1.153643096196742268e-01 1.599568648459996079e-01
8.777649554357171147e-02 1.350451558631685645e-01 1.514605892407542842e-01
9.360235035240391244e-02 1.493425441805943665e-01 1.350362981070219737e-01
1.072804879065311356e-01 1.286109449741966171e-01 1.002326016159065802e-01
9.012557242388428980e-02 1.919346238595275034e-01 1.469531911183235562e-01
9.536587051661363224e-02 1.939524916372540597e-01 9.578368340241419365e-02
9.121890538972737827e-02 2.014133372915358489e-01 6.383817791486194604e-02
4.129612512632423876e-02 2.704144631815582622e-01 2.090017404906638343e-01
2.879455451255963361e-02 3.048002235667988113e-01 2.365681861298416511e-01
4.232504341741539361e-02 2.806990705034732581e-01 2.166185278345395537e-01
2.382242256620185558e-02 2.812072792662336784e-01 1.604812099237695744e-01
3.817869136890309628e-02 2.815400982634759242e-01 1.282768823168615180e-01
4.099155674395162791e-02 2.714748610483811442e-01 1.027732634799533862e-01
3.476850603797991546e-02 2.705910665816689264e-01 7.897218456925124419e-02
4.037293765230789977e-02 2.383903559510869297e-01 2.625350714025693338e-02
3.136131744550770678e-02 3.200553725124897775e-01 1.022436925650007378e-01
5.764690136948656674e-03 3.439459686159714868e-01 1.412023860111485118e-01
8.191176038268872112e-04 3.740896227018256637e-01 1.493367494431915854e-01
1.302459838823136033e-02 2.637084042017045493e-01 6.394171870121113932e-02
4.250392784795429396e-02 1.774870719470594271e-01 -4.071547796885052750e-02
6.024950755433958194e-02 1.566260519887910652e-01 -5.740590810036572816e-02
6.499310556308829367e-02 1.261630311761979539e-01 -6.854567695387425719e-02
6.905278460146913044e-02 1.040863644712283764e-01 -3.199830651233658702e-02
8.073894481121667022e-02 8.025064084600952441e-02 2.291800646327730173e-01
9.391322939273623327e-02 7.839403234119400599e-02 3.087559511645236454e-01
1.062646577666915143e-01 9.849908162385934141e-02 3.103854174518528297e-01
1.073111059002812562e-01 8.665036401256386023e-02 3.093778773453957354e-01
1.112187414558288984e-01 1.085672961191648939e-01 3.005661509826056954e-01
1.417203845749970825e-01 1.148601124131530676e-01 2.388760385983305368e-01
1.691833681804581491e-01 1.194273406692474560e-01 1.817146956171453720e-01
1.894086779036847634e-01 1.167623712969145522e-01 1.750634968155458104e-01
1.803637608473037113e-01 1.095879843436771139e-01 1.526679886577892720e-01
1.495320774126694396e-01 1.287950720284440076e-01 1.528105020987036988e-01
1.206317133526490781e-01 1.653615256096638564e-01 1.419707190537271846e-01
9.694084698641429465e-02 1.762495077939275623e-01 1.094464148914069263e-01
1.149037386896152452e-01 1.743035491796892100e-01 9.006256907123624811e-02
1.182229471856592745e-01 2.013377121075323739e-01 8.676530865931773862e-02
1.184899487323066852e-01 2.094156835041194320e-01 1.037147194390474203e-01
1.210985150012908601e-01 2.241310990221760668e-01 7.908999461121309082e-02
1.273360680681858981e-01 2.249212512557007548e-01 8.889122985762101803e-02
1.380976712052131017e-01 2.116979096541171945e-01 7.402843861254206070e-02
9.878159444016605673e-02 2.353519397034881666e-01 2.038110495610484518e-01
9.393760053116691211e-02 2.542243605941920670e-01 2.418450903363932869e-01
6.557577389875475504e-02 2.664408217811478630e-01 2.417463726082879072e-01
5.290842990141471358e-02 2.690333385531210597e-01 2.370307673623218980e-01
4.108623611519029994e-02 2.786405927645970171e-01 2.165509517566216457e-01
1.336405991193239870e-02 2.582215080604580715e-01 1.746438695636252925e-01
1.477257157111541708e-02 2.404091315899309356e-01 1.405105405725414203e-01
5.510114425039357861e-02 2.505633064561307299e-01 1.316013460080354414e-01
7.755653314040078516e-02 2.955946940358484265e-01 1.368606477875923544e-01
8.186977705049817977e-02 2.851716911489008965e-01 1.306866166262856677e-01
9.367178314002325146e-02 2.818796358583092743e-01 1.316523765234399734e-01
9.516523163419157716e-02 2.773833386799530176e-01 1.087117263371646936e-01
1.139420042824752233e-01 2.307939219277264642e-01 3.487496949025838122e-02
1.187506669085728606e-01 2.719119262785563707e-01 1.726721811941728246e-01
1.385618754679235898e-01 2.851135963456539746e-01 1.715385755468759599e-01
1.476929814201504154e-01 2.665849233569140275e-01 1.437302670479360667e-01
1.780634931179845282e-01 2.438150681831565414e-01 1.057594627940464105e-01
2.087814402103348455e-01 2.137206089025346645e-01 7.788505023726249865e-02
1.453274437704616673e-01 2.895755619153724814e-01 3.129579675756517521e-01
1.453822235437771671e-01 2.690750485838213080e-01 3.004700626665582353e-01
1.440413202333660492e-01 2.567988933410773611e-01 2.471166074667561774e-01
1.582873022487853165e-01 2.468609848443584220e-01 2.137583009804666923e-01
1.218446558856514095e-01 2.492740940700886310e-01 1.624194144402889006e-01
1.189021542340552434e-01 2.401603752107657752e-01 1.522682236143779455e-01
1.079895099224149890e-01 2.269049104266212535e-01 1.474388077380569262e-01
9.258434961548014930e-02 2.046437737684575486e-01 1.367581343901057844e-01
1.174047166463723646e-01 1.710981687654587469e-01 9.858696131260392959e-02
1.205135102004277481e-01 1.820873632397810860e-01 9.359394365883877409e-02
1.031931013221269178e-01 1.988463054507585703e-01 1.157636215847983041e-01
1.265781045347249001e-01 2.083084542868279265e-01 9.503866978722710912e-02
1.378406913619374952e-01 2.027619501429812898e-01 9.474496116009807622e-02
1.413091271893176792e-01 2.114973902602839129e-01 9.295140880749835910e-02
1.292508247987831094e-01 2.231686188877924915e-01 9.834189831436300488e-02
1.066409242209074709e-01 2.314218413772116678e-01 9.091978011742007926e-02
1.344539183767164414e-01 2.360236101060156355e-01 6.404313198719331635e-02
1.094492527917982211e-01 3.033978123693205076e-01 1.821188617534695020e-01
1.119511895861350081e-01 2.962495524331627550e-01 2.063157896304999572e-01
8.733900893267405874e-02 3.017934761443104574e-01 2.032228261790545720e-01
9.967617844007015115e-02 3.107706417848453695e-01 2.020362368705373446e-01
1.258571288651987030e-01 3.131598405560716558e-01 1.920905120179743630e-01
1.307054255612843108e-01 3.346774591607066807e-01 2.097417424104246475e-01
1.190078773716717747e-01 3.515520412501629277e-01 2.003958034151284984e-01
1.505114234733119227e-01 3.611132767857003212e-01 1.827306965852669163e-01
1.464340749859538993e-01 3.291668516930165711e-01 1.265980030684712154e-01
1.481147091512093061e-01 2.936343272250389047e-01 9.574662261727899526e-02
1.722076914891531307e-01 2.728583168073321352e-01 1.442110894752184069e-02
1.687167869160288991e-01 2.674129670926541080e-01 -2.098195633625974388e-01
1.726916912002025295e-01 2.556457644256212580e-01 -2.476716685341910362e-01
1.878657994354887284e-01 2.515494793882590008e-01 -2.264962530114084938e-01
2.082408600243738084e-01 2.626480779482439631e-01 -1.895518949391495067e-01
2.010114161607718386e-01 2.799406929153028800e-01 -1.416354365761003931e-01
2.027362458081521934e-01 2.896835909024313427e-01 -8.659996864928086457e-02
2.313997423551572841e-01 2.615775036015123844e-01 -2.109152482972184717e-02
2.472259664292590919e-01 2.114433669853612030e-01 3.635881963307224796e-01
2.500363626802705741e-01 1.965227118555326058e-01 4.528450117979033740e-01
2.348830640275674508e-01 1.966444550827007032e-01 4.517974056651944403e-01
1.958508287947044180e-01 2.187686217078756989e-01 3.994752621406306159e-01
1.860082328228913062e-01 2.139935810983984721e-01 3.422397125341797852e-01
2.037343223899453493e-01 2.171404237728467301e-01 3.023743394517107719e-01
2.174497430543254894e-01 2.213021730432999934e-01 2.576752001663055736e-01
2.121541789279066670e-01 1.910720539326213885e-01 2.226013653562325945e-01
1.906577183229421490e-01 1.656107112154325822e-01 1.841883101354402363e-01
1.761240037425775284e-01 1.393445656977976010e-01 1.733341063953225403e-01
1.855597228101326934e-01 1.267014770900108112e-01 1.571745208466019672e-01
1.960862474260927080e-01 1.529699378883582761e-01 1.488331202347608906e-01
2.007098617620629299e-01 1.975069830808150739e-01 1.466973907635532592e-01
1.485249516340649834e-01 1.829654142831590447e-01 1.268289333704977484e-01
1.273558220357555171e-01 1.849275445955265718e-01 1.078929951527376474e-01
1.361124109311994679e-01 2.039022271162866939e-01 8.765462687468808523e-02
1.417675121935717819e-01 2.476043040116066574e-01 9.203899952112057359e-02
1.342643312182054127e-01 2.644702080412951184e-01 6.655611398492476682e-02
1.470863947249659298e-01 2.698817700462933789e-01 3.407626637475395792e-02
1.339848187567688753e-01 3.221276437123914427e-01 9.360665435384149524e-02
1.450515167330073407e-01 3.013282055179540841e-01 8.363398557437121128e-02
1.699658504017397265e-01 2.514550196844753116e-01 4.037844749283789336e-02
1.408288756985769108e-01 3.137716493800157824e-01 1.340042112654969697e-01
1.208058370766179057e-01 3.145451890030437347e-01 1.506050333605702396e-01
1.053202133300636389e-01 2.994401459789505782e-01 1.473708748071857755e-01
1.025544321973123757e-01 2.816581287730670624e-01 1.175943640523801764e-01
1.251536878751565995e-01 2.706391709120692379e-01 1.003969970720639954e-01
1.431366261012471108e-01 2.590951370237246087e-01 6.649171814809251568e-02
1.329042935146431681e-01 2.926509698445107222e-01 8.872575647472992488e-02
1.558673680925005411e-01 2.880319717569937987e-01 7.347401339461670511e-02
1.817143110485892055e-01 2.756703412516514629e-01 4.263970567718335103e-02
1.893340192503154273e-01 2.974998687630054373e-01 9.067219044329929978e-02
2.207359286110051610e-01 2.877270509167906276e-01 7.707780917519156672e-02
2.059705918372660149e-01 3.055501278823888889e-01 8.068214048125790794e-02
2.248674824205435518e-01 2.811707959307849780e-01 6.194519243900914462e-02
2.306193121438281923e-01 2.996850682531840282e-01 2.973144332078030833e-02
2.077056758360037447e-01 3.698224798237516042e-01 1.244588123894455056e-01
1.842022486988215968e-01 4.007755485867448564e-01 1.391506639378685961e-01
1.649941209561849864e-01 3.984498202119784449e-01 1.484237083020261971e-01
1.803264327535998024e-01 3.704051091331345691e-01 1.643397194512341286e-01
1.986742820297278667e-01 3.346727880312735937e-01 1.558772159458796103e-01
2.273944360233460249e-01 3.286661752845432827e-01 1.284248381233574487e-01
2.623481750086377184e-01 3.072902730062796461e-01 1.649765407360662128e-01
3.153781815544262623e-01 2.769210369323260590e-01 1.404099829008903511e-01
3.365960868933859929e-01 2.719883000538316775e-01 1.372957530751650335e-01
3.331691459055360904e-01 2.689563112206884155e-01 1.010290488638463935e-01
2.986259674312276013e-01 3.145214664218157208e-01 1.756768576967601692e-01
2.694626017942293728e-01 3.170344188588651302e-01 1.982856210815739928e-01
2.499184044587332842e-01 3.105120235836221765e-01 1.790227893938068360e-01
2.252106670296784852e-01 3.174036575116931935e-01 1.396570487065142141e-01
2.112494857552754679e-01 2.774717638963263289e-01 1.089561866719178096e-01
2.147739673467682631e-01 2.427334611511523244e-01 6.159945642338697513e-02
2.158643020815808611e-01 2.390045978506001034e-01 9.936116317094637052e-03
2.254084321409303426e-01 2.723195854149235151e-01 -4.102491722032311494e-01
2.156696397440090174e-01 2.829624080123766539e-01 -5.189932420911727018e-01
2.200414107087997895e-01 2.849336690866693389e-01 -4.978451034746962378e-01
2.449139884604095707e-01 3.001690363274171491e-01 -4.518403501655204879e-01
2.360463369109609133e-01 2.968323987155561117e-01 -3.814433633918206112e-01
2.230426272406076937e-01 3.010352726741689078e-01 -3.190157763539351876e-01
2.108932048452322183e-01 3.090198983902741059e-01 -2.461018774280339105e-01
2.164474595584350847e-01 2.764984095797738961e-01 -2.147645570794562975e-01
2.267244779404586075e-01 2.401370593992107061e-01 -1.591122342453877292e-01
2.463052224257867018e-01 2.193104651758772672e-01 -1.167304390266205028e-01
2.336224182695682827e-01 2.278145598457202714e-01 -9.287530378911142137e-02
2.326496717127079505e-01 2.226909706251608279e-01 -6.373342850877738996e-02
2.212194955163871435e-01 2.094058346226789769e-01 -2.200249298242301643e-02
2.063540228277593036e-01 1.889209233547645694e-01 3.070711903996823922e-01
2.033343041559511344e-01 1.806214522001881040e-01 3.751947950876530768e-01
1.881437576751882057e-01 1.810598893818237132e-01 3.369492825315938411e-01
1.926402448813767099e-01 2.028216633930367552e-01 2.687497150396798706e-01
1.915179592590085800e-01 2.175353105175506230e-01 1.991917918623181960e-01
1.813789384878628785e-01 2.244363730874540108e-01 1.573068649361104021e-01
1.900739101404736731e-01 2.176791331932383389e-01 8.903769816421747141e-02
1.641240103807421191e-01 2.699424307786627009e-01 1.262370435144343495e-01
1.726817785543089123e-01 2.760103962515069176e-01 1.217728556225026043e-01
1.813248018697594388e-01 2.731528827883488164e-01 7.256738267236570450e-02
1.856866096252026976e-01 2.936658749851324690e-01 5.545120003134272613e-02
1.650976950589985726e-01 3.180543143651861082e-01 1.667862834253978910e-02
1.551936209493570418e-01 3.735066010129338143e-01 1.779694641069614128e-03
1.477994428050489750e-01 3.904454534729275839e-01 3.195037125732515526e-01
1.214158755350143726e-01 4.047227856868729767e-01 3.814776751733803817e-01
1.053705172909138871e-01 4.245527596778201351e-01 3.620561840692593791e-01
9.746276346671783886e-02 4.602909812693946612e-01 2.880566523770373699e-01
7.738883717582602240e-02 4.914521737133337176e-01 2.231455391870505456e-01
5.582589793373360365e-02 4.891246986794839380e-01 1.503624296469647237e-01
3.888457120364320618e-02 4.728672805660570910e-01 1.150151803833682485e-01
1.248155204328505255e-02 4.816836389860634227e-01 6.868042481664843324e-02
3.027363736643851749e-03 4.631773193204896111e-01 3.023064461427541622e-02
-7.833872226999917532e-03 4.370809536292125652e-01 1.416780206935015426e-02
4.767738970923772468e-03 4.112922615449128849e-01 -5.805720560975489997e-02
1.991427408389292997e-02 4.192023364882098702e-01 -7.932273762518099458e-02
4.050771336590761745e-02 4.352335435195666680e-01 -6.184151730789633206e-02
4.348045608528496031e-02 4.371005602670779977e-01 -7.003395798989484056e-02
2.501015548066009772e-02 4.031827676308333830e-01 -6.044686704438906322e-02
-8.320925814949038657e-04 3.909228563577814564e-01 -2.061430606711792818e-02
4.979512772489027780e-03 3.667754596127286160e-01 1.831826708129006415e-02
6.263334304898415805e-02 2.802795879800673018e-01 -1.376810267209975513e-01
7.173139064880071358e-02 2.389634821627679984e-01 -1.954919751591516763e-01
7.243526644250740387e-02 2.205468102688090126e-01 -1.944328830919579698e-01
7.643891811004607795e-02 2.069777610637794085e-01 -1.802471855404823298e-01
8.682428723821303262e-02 1.914080148457929786e-01 -1.291093706897164239e-01
8.464979257627527898e-02 1.813651244855070399e-01 -8.035564311452744746e-02
8.936390449349128351e-02 1.995258952938981090e-01 -4.913952456061276841e-02
1.015824406787901174e-01 1.889676407927890212e-01 -2.451413819796954829e-02
1.054442067321256921e-01 1.702964765648842249e-01 2.335229430426999375e-01
9.765134709105530164e-02 1.549226342110918142e-01 3.015826506483751390e-01
9.160506067410938147e-02 1.186497055111436771e-01 3.034254182110532883e-01
1.070729047050838906e-01 7.409872646346551961e-02 2.786419378264687330e-01
1.085885775060158737e-01 7.070990649730536648e-02 2.246873623928836716e-01
1.267803371464551743e-01 5.276329942191924222e-02 1.639580726085097806e-01
1.104613378525842460e-01 9.324366215648734191e-02 1.531869491706791542e-01
9.402357698602087366e-02 1.288785574252469812e-01 1.702940056290041526e-01
6.302896482718133020e-02 1.309129595652177291e-01 1.626304985434124661e-01
5.746087494678301516e-02 1.118568895524734291e-01 1.197532350412044144e-01
4.884109511817817662e-02 1.316112403608676318e-01 9.480054227019066304e-02
3.697967940927085473e-02 1.914761752949405982e-01 1.182991007300075309e-01
4.275880952684155134e-02 1.609892379922048256e-01 9.020036200922840197e-02
