# x [nm]    y [nm]    z [nm]
-2.835251909755669431e-01 3.721969614494338718e-01 1.964961114094692096e-01
-2.849349603808484788e-01 3.654455580172700224e-01 1.616596063670189543e-01
-2.804624067934415876e-01 3.718557603256980038e-01 1.480745511131101311e-01
-2.706757177604938169e-01 3.802141461180088000e-01 1.017705809205489698e-01
-2.519039070017047299e-01 3.982144679769647477e-01 7.889839899189646233e-02
-2.474895323906542155e-01 4.207104427582696315e-01 5.997401291014029662e-02
-2.216117483417033573e-01 4.278746282285285640e-01 3.482096281367245277e-02
-1.826871413585636206e-01 4.665601274580358226e-01 -8.266379629352782477e-05
-1.420062750979453337e-01 4.673216126818593441e-01 -1.873253642731994781e-02
-1.330396840192647478e-01 4.668739754898608152e-01 -2.388680741549767741e-02
-1.239445657063028144e-01 4.756633586762864518e-01 -1.167293725891371814e-02
-1.334155126304573391e-01 5.044843793723770009e-01 -1.389531889919442750e-02
-1.268016156767426128e-01 5.188844219548308656e-01 -2.180631004529547806e-02
-1.143026304895578549e-01 5.157490058810825229e-01 -4.237150144162439569e-02
-1.021226538552717084e-01 5.056530682928775944e-01 -4.651233976730306113e-02
-7.824478742240503770e-02 4.851338580772448505e-01 -2.870446089530199682e-02
-7.591739455531566760e-02 4.744496290009394546e-01 -4.051445020207501690e-02
-6.583306572784337896e-02 4.831017627096645950e-01 -5.247905003071541563e-02
-7.157378677043756132e-02 5.070905638598045551e-01 -5.812055333717768002e-02
-9.885275241294255721e-02 5.265075686244653497e-01 -4.166978688609587061e-02
-1.063494732456305020e-01 5.328811819527575766e-01 -3.780863682490089028e-02
-9.946155679642826319e-02 5.259553944550301452e-01 -2.253122516690946042e-02
-1.019099019843625470e-01 4.789101851405633825e-01 -1.089528184371135050e-02
-9.838874179516585161e-02 4.734089922551130147e-01 -2.944559921399893948e-02
-8.666737169256999440e-02 4.522411868184573192e-01 -1.272482089891376067e-02
-7.602757796938937329e-02 4.373769946389723939e-01 3.778622654163992650e-03
-4.989759633214337076e-02 4.422735004089669020e-01 2.209733978514639291e-02
-5.785228476362265504e-02 4.475679528704952226e-01 4.304834088462432956e-02
-5.236616242177673242e-02 4.544077506066326322e-01 7.584825739814876622e-02
-3.962420638566521019e-02 4.664304486348196388e-01 9.382684678031447123e-02
-4.003044308130258161e-02 4.613764740998789193e-01 8.556456439241937051e-02
-5.475112244607495404e-02 4.575828173592249581e-01 7.193660871916665589e-02
-6.277242731452395419e-02 4.653273830112621412e-01 4.367607907417402069e-02
-4.597681120451384273e-02 4.595205561331935362e-01 4.425147679599019529e-02
-3.685225315374339450e-02 4.426033596427716987e-01 5.520144320642175750e-02
-3.138636739627762712e-02 4.486648550071676289e-01 4.176810928189170213e-02
-3.982479752023102698e-02 4.505557264862470324e-01 4.261834954142072751e-02
-4.893068816849923536e-02 4.550700371373051500e-01 5.012077911951080128e-02
-4.177914645134725435e-02 4.568926997292578895e-01 6.801149200254714977e-02
-2.014811411528672977e-02 4.702994667822832930e-01 3.321973772901636035e-02
-1.646525808794567503e-02 4.733910479059832976e-01 2.398121234677338953e-02
4.987986791763762001e-03 4.957254495738474542e-01 4.228222105117064589e-03
1.670332302355187482e-02 5.040550065051626616e-01 -8.972337467022650087e-03
2.836678368475171325e-02 4.912744439285153808e-01 -5.711322714762637545e-03
2.411767861614740049e-02 4.965670415355463718e-01 2.789042817607020538e-03
2.856088186315308697e-02 4.863127629309434430e-01 2.381258346104338924e-02
1.680320832982257206e-02 5.004662665013532852e-01 2.525993033050047062e-02
-8.793690032488900299e-03 5.037535783179217797e-01 2.897193246370699526e-02
-2.008529658415712793e-02 5.216113389813945567e-01 3.923569996645131369e-02
-2.966341085475326239e-02 5.400592039237174236e-01 4.834235060556549279e-02
-4.668240652182409356e-02 5.361951775352153948e-01 4.808456621935710412e-02
-5.127148781458833876e-02 5.146259677728131088e-01 3.251622715866452074e-02
-6.287227449079887953e-02 5.096493868424221141e-01 2.160028530222947094e-02
-6.585675021318274092e-02 4.956363522750367179e-01 1.584278403292726373e-02
-7.276402765280924612e-02 4.739042548032987301e-01 1.832162971567448395e-02
-1.010827070138858447e-01 4.921231990322409988e-01 3.415367050958188766e-02
-1.087127758151912732e-01 4.781368006525325565e-01 4.971426919199913030e-02
-1.107234892254108372e-01 4.516878500016686671e-01 5.583566375749945965e-02
-1.230386786013240447e-01 4.595705100981217206e-01 2.528655518447250894e-02
-1.228958538905211562e-01 4.380888207451298366e-01 2.994291186349379991e-03
-1.274217627704012923e-01 4.408633127603872603e-01 8.080909499198524366e-04
-1.294009242191894171e-01 4.620161290344926841e-01 -1.009791917645459780e-02
-1.220883069856720793e-01 4.753914557795097529e-01 -2.412371630171095821e-02
-1.229020459375552016e-01 4.748922021538419247e-01 -4.215445247807929341e-02
-1.280353093927596997e-01 4.723063345443035965e-01 -3.008914181511860436e-02
-1.365326672387406626e-01 4.955326583191791978e-01 -3.758031736077312168e-03
-1.293682088140664654e-01 5.284894046762314002e-01 1.226529605644188781e-02
-1.407722597242430929e-01 5.514402253282277844e-01 3.598725781079724004e-03
-1.574322060471862461e-01 5.617488283991868281e-01 2.304229645150720346e-02
-1.614826817834805472e-01 5.450144703801762525e-01 3.988120768365872176e-02
-1.459769340889199574e-01 5.191309632243970018e-01 5.838797272615554868e-02
-1.678872800998027492e-01 4.716516665030248689e-01 3.687716607689031645e-02
-1.600943394297560940e-01 4.262979696753884662e-01 8.448571974805502149e-04
-1.350818381280608216e-01 4.260598439381137470e-01 1.340363641444732024e-02
-1.352494102854771008e-01 4.638938517935172201e-01 1.274017213033168047e-02
-1.009224231304861191e-01 4.838763190367881273e-01 -1.399983177208458107e-02
-7.137624596614738914e-02 5.042235544722254437e-01 9.119866086673557998e-03
-7.307466827187764080e-02 5.017412117256965232e-01 2.529645535066464557e-02
-6.860043034558133135e-02 4.958914840349777364e-01 2.109126760806561557e-02
-7.875486629611107292e-02 4.839399674428668252e-01 -9.923756244443877189e-03
-6.870819049601800677e-02 4.625818107519733546e-01 -3.166427841149861699e-02
-4.694505120816851174e-02 4.516769721740691024e-01 -6.742177991524321568e-02
-5.081930985344264989e-02 4.205019914124325520e-01 -8.591743157405463960e-02
-4.440859730328543253e-02 4.163036571733848001e-01 -7.475893451000387158e-02
-3.630475790951206982e-02 4.082359126292562923e-01 -6.191096930337718768e-02
-5.676873294875527109e-02 4.284952287769454582e-01 -3.208528441361722938e-02
-6.331170334761800078e-02 4.153033357702202721e-01 -3.824963015661302784e-03
-9.362539406227454730e-02 4.154511372747456965e-01 7.850914937188872150e-03
-8.984077192833166137e-02 4.269047618709935210e-01 -2.118942679765135201e-03
-1.200818153540579580e-01 4.499902147795979412e-01 -1.459794617148855393e-03
-1.332908876745987070e-01 4.986032033120358364e-01 -5.597343992913483487e-04
-1.476834029434384021e-01 5.472871908085688020e-01 5.363483155803022880e-03
-1.210465439601313559e-01 5.271548747865986151e-01 1.640282976820183619e-02
-1.103826551335293088e-01 4.883461857194428268e-01 -3.516176371331954098e-04
-1.136026161472268453e-01 4.720301747239533108e-01 6.520617822635584038e-03
-9.860719954783529750e-02 4.954057011737206251e-01 3.540001479007169084e-03
-7.502186837501237382e-02 5.267591056573531771e-01 -4.312828613593083782e-04
-6.839630206846938898e-02 5.431747520195024936e-01 -2.249430778771512388e-02
-5.573389900448135620e-02 5.253888443238643458e-01 3.118813348000331470e-03
-3.540283937861334052e-02 5.225956897848099691e-01 9.820910554690146649e-03
1.018133548674172995e-03 5.179469652974366678e-01 1.949340708473247183e-02
1.144206696463824675e-02 4.780816213787072444e-01 -2.342674733536928566e-03
7.822637214155856583e-03 4.479041452246572685e-01 -3.273399205891987934e-02
4.599583682511836080e-03 4.200958798656578841e-01 -3.428571737295629113e-02
-2.989938700468313705e-03 4.005627751549997173e-01 -3.475910314528731643e-02
1.055028758095350946e-02 4.006826572275366538e-01 -5.211760772670823161e-02
2.238338730840694346e-02 4.026096482141770516e-01 -6.624233105897614493e-02
3.023604795970281228e-02 3.960264245072733780e-01 -4.575488534704210547e-02
2.091453894700869356e-02 4.369358717430867345e-01 8.628246001363970574e-04
3.248095096024567613e-02 4.609065122879167364e-01 4.002144959679027232e-03
3.483962104823463274e-02 4.442682705021174239e-01 1.763624601308286591e-02
4.121299765440246399e-02 4.337626451498395319e-01 4.380755259066983209e-02
5.612668812152448589e-02 4.445995683094076667e-01 5.342397513597962194e-02
6.423354462878548554e-02 4.653145453843905432e-01 5.210335450828169207e-02
5.154010304776871637e-02 4.653470240670189995e-01 2.970185930129042029e-02
5.342055738406618209e-02 4.631225296140379366e-01 1.229520876768639207e-02
6.913360663214754287e-02 4.982181393939635328e-01 -5.972556937345396139e-03
7.137253642470597903e-02 4.923399338628570154e-01 -3.301064483055931448e-03
6.165697992215836420e-02 4.702275949161645596e-01 -5.316938582704242716e-03
5.876551960373050526e-02 4.303792462175364264e-01 1.282756430837417652e-02
6.611874922448432446e-02 4.220768607631917857e-01 2.802085608706899461e-02
9.733532648178519486e-02 4.183336413348783811e-01 1.390365656953363241e-02
1.021754607588679364e-01 4.113887764608473163e-01 -1.173401891174820008e-02
1.143269545634887918e-01 4.206004894847218956e-01 -1.391356963299162849e-02
1.018425595299982250e-01 4.080786150784183608e-01 -1.137482438353523868e-02
1.134067786895380375e-01 4.227942709616582251e-01 -2.112897198984246133e-02
1.162011869692252120e-01 4.563583870737285553e-01 -2.771271775578521696e-02
1.105986138609279384e-01 4.739442555288197467e-01 -6.388472780769502424e-02
1.315960149424709735e-01 4.667635162139811555e-01 -6.294706117791362687e-02
1.382401399957495503e-01 4.544857395743104878e-01 -4.211966862891171337e-02
1.494652551138286600e-01 4.369565451245717158e-01 -3.093701378217643405e-02
1.474530511714818859e-01 4.267087222972543725e-01 -2.569313756985720093e-02
1.396899317704217158e-01 4.213663866114756296e-01 -1.935830739941540174e-02
1.282391654078450238e-01 4.040682030515964640e-01 6.034616969097621186e-04
1.275379966249267638e-01 3.914711263679761521e-01 6.032720185335447606e-03
1.324501433666684935e-01 4.026318429577654401e-01 5.045350633946416724e-03
1.379692965919002423e-01 3.856979328455989453e-01 2.321347090385922352e-02
1.422491656825004558e-01 3.891147609200666380e-01 1.679646983991294959e-02
1.421488353844569952e-01 3.937088357381448023e-01 -2.403404898345002857e-02
1.292721702389775518e-01 4.058319868403413855e-01 -2.133433728578770089e-02
1.168342234293894139e-01 3.930238463524259873e-01 -3.242837881569907155e-02
8.140422278605166651e-02 3.670490864181542578e-01 -4.098802019686460796e-02
8.407535668861039480e-02 3.449442620441686702e-01 -5.416572773730187612e-02
8.408445535327700726e-02 3.448370621884579434e-01 -4.768282589517706255e-02
7.687213878005559609e-02 3.615840159039368507e-01 -4.748423100206553005e-02
5.631186118790085238e-02 3.938386720895396542e-01 -3.542572802035216795e-02
4.987435335747106985e-02 3.874660571494411565e-01 -4.144662323890022787e-02
4.972827339124596263e-02 3.977202849944978524e-01 -5.338713301804131478e-02
6.872838180915639972e-02 4.025061267109983354e-01 -4.616530860948714343e-02
7.760121878367359782e-02 4.118166149765267181e-01 -6.156982767463683309e-02
7.197670357897092974e-02 4.123716435846774275e-01 -7.462143654056013764e-02
8.052768192838444250e-02 4.086362998697237181e-01 -5.963588677116664349e-02
9.505964962405162588e-02 4.255532849810084728e-01 -6.445792863656946148e-02
9.361999222819429589e-02 4.249881448595755895e-01 -6.225063148284381426e-02
1.144705393303224045e-01 4.124774409999932279e-01 -6.201150581756384450e-02
1.464083142164502305e-01 4.093910364219112141e-01 -6.635916355543669543e-02
1.460754336507334716e-01 4.077728757801222792e-01 -5.109659793743471373e-02
1.499852638328420806e-01 4.008121282181427714e-01 -2.129219597094586872e-02
1.155215188476588772e-01 3.853549054732143264e-01 -3.695071876785006870e-03
1.132361218681755405e-01 3.902798016827813132e-01 1.818372094882910947e-02
8.987205218232552362e-02 4.217888311282171898e-01 2.954830144905813694e-02
7.520300469360124973e-02 4.357961743823275946e-01 1.592903349736283017e-02
5.840822555595318044e-02 4.247426964304522601e-01 2.250027933481723100e-02
5.934379233503745549e-02 4.160109507713431465e-01 1.087931643539561365e-02
5.106808251921960556e-02 4.083008499578755224e-01 1.554882703531640029e-02
4.756134064171947673e-02 4.462175062270442583e-01 -2.341010628174971381e-03
3.768293079933571210e-02 4.609784384278409752e-01 -1.772504498848732207e-02
2.443952757447328400e-02 4.722612356787246335e-01 -1.456565824518303576e-02
4.442882340320510742e-02 4.799835385772404095e-01 2.077080371059632918e-03
4.067841334438157541e-02 4.969269780606901943e-01 -2.722348406391955633e-02
5.205818323251087953e-02 5.172071254467176527e-01 -4.906738651380704308e-02
4.925353066257661533e-02 5.086256377935493012e-01 -5.368813905619756327e-02
3.096537137895072692e-02 5.172129288124233115e-01 -7.432284600683861098e-02
2.434407120266168095e-02 5.033191457104136957e-01 -8.810826588608777765e-02
2.066332951722273104e-02 4.816311902840538783e-01 -1.014616893063281650e-01
5.742773240020697390e-04 4.723926376063232735e-01 -8.907367321780366998e-02
-1.076567459628336235e-02 4.728444114866401926e-01 -8.815520937632692622e-02
-1.383444476415740185e-02 4.683080129216209975e-01 -1.302471773747817252e-01
-1.634629762681328799e-02 4.788638519784141900e-01 -1.146495090083424900e-01
-1.972108038796244536e-02 4.782728325121300972e-01 -1.008712534680354100e-01
-4.117465663449555724e-02 4.631441269788064696e-01 -7.817001055538932985e-02
-4.439962481565341845e-02 4.383201426747113105e-01 -7.364943142141433530e-02
-2.794308952419221823e-02 4.199626005897743042e-01 -7.492868692228193961e-02
-5.297464533805390507e-03 4.074553242339778447e-01 -6.031505989298509979e-02
1.688636310529128062e-02 4.128607340996414132e-01 -3.398356228033604098e-02
3.168871974012883036e-02 4.029725243149114289e-01 8.770810582087514018e-03
4.530195627096729460e-02 3.975208954154719199e-01 2.155139062088686983e-02
3.777152787895712155e-02 4.124989945247297674e-01 2.373063248684428167e-02
5.150624904416516159e-02 4.442496454612602785e-01 1.790361941561927767e-02
5.573420685118257029e-02 4.362093100471265972e-01 -3.190231695500495707e-03
6.689534982651926254e-02 4.323309301697040863e-01 3.990435480360426425e-03
7.251777841690458526e-02 4.356626654927721054e-01 1.100098963619241393e-02
5.876147232536973325e-02 4.344241365811185585e-01 -2.092928501513491302e-02
5.928422488884113606e-02 4.055715146190204123e-01 -3.324757254249370575e-02
7.433527047651906916e-02 4.117589300061231805e-01 -3.196827515645041251e-02
7.107344335200334318e-02 4.044828368066585855e-01 -4.831290739554156000e-02
6.479805886435147100e-02 4.350494458735705283e-01 -4.558906059275030093e-02
5.998655712414742436e-02 4.528151004874407248e-01 -7.550587245681872339e-02
4.221414052009041240e-02 4.518094695855439102e-01 -7.121058806536713359e-02
5.295074766431367985e-02 4.287371576642483029e-01 -7.165022386757792516e-02
5.715718196255344108e-02 4.517641921743539291e-01 -9.515999121918650161e-02
6.215930533118969176e-02 4.469691584859382671e-01 -9.596084573066489265e-02
7.442830863030731881e-02 4.500760931478848259e-01 -9.109345009276020866e-02
9.320182202664839544e-02 4.337454497708863599e-01 -8.485074838249331841e-02
7.820143512656847762e-02 4.225606591758318542e-01 -5.385525323651280810e-02
9.555831082758957373e-02 4.355962753285782529e-01 -2.952573501624137370e-02
1.043316201154855793e-01 4.668142385811441808e-01 -2.789487837579304741e-03
8.187196194861443010e-02 4.915059650679593495e-01 6.346614974659527120e-03
7.151924815062442320e-02 4.759400406589229804e-01 1.155200640150160635e-02
5.059031061926012873e-02 4.766185073115348780e-01 -1.939631796690561086e-02
3.981296714827385619e-02 4.757453735471887102e-01 -4.273740851693662302e-02
1.465318499313785286e-02 4.928833018641300967e-01 -3.676819894257703919e-02
1.375644393129748198e-02 4.765064096779105807e-01 -4.405751364430544881e-02
1.919928016473158860e-02 4.685051594952339138e-01 -2.572375836180235478e-02
1.010420025983415140e-02 4.655453595511787612e-01 1.091123829793755676e-02
1.881209111902891126e-02 4.532124539179316347e-01 2.295219490882705396e-02
2.605125035171276110e-02 4.475030696624829329e-01 3.575199282373377890e-02
3.788156111267097781e-02 4.424530433486121295e-01 3.934575863086021974e-02
4.492071022831327365e-02 4.363935965577682152e-01 1.739852463770937344e-02
2.997468846945936655e-02 4.476725640181827837e-01 -1.933783933724387422e-03
1.431406795316178190e-02 4.543622113928314499e-01 -5.087858770399299700e-03
-8.341453964328504611e-03 4.661706491853346290e-01 1.758891599329850952e-02
-2.066468490454173232e-02 4.641180873866329049e-01 4.752788766282880356e-02
-1.033426304350769202e-02 4.737883746004406538e-01 5.521225677777695517e-02
9.904137183569668504e-03 4.748558304191636825e-01 4.710518536589981126e-02
2.248576733129448862e-02 4.734089962930400075e-01 1.685889057814829103e-02
4.000500466396590682e-02 4.831825525932881282e-01 3.677574633457648609e-03
5.691961261234557840e-02 4.669970653253961990e-01 1.947008446945055473e-03
3.799946262107638251e-02 4.824525518800257262e-01 1.705500303407402399e-02
3.153121905849072537e-02 4.814904561545137462e-01 -5.934817591177334734e-03
2.363273330997598537e-02 4.826085813875269359e-01 -4.919413164978704393e-03
3.106121392222923466e-02 4.627630667885356819e-01 1.604214650913935586e-02
2.376663648724196970e-02 4.477616809609583082e-01 1.357690092469678034e-02
1.154968187220879912e-02 4.487556267422806444e-01 -5.538338527292414881e-03
2.131161244343202782e-02 4.606835278265555278e-01 -2.131951045380682183e-02
5.560663099447464564e-03 4.636404449034788877e-01 -6.374370273345088614e-03
1.625903311171704446e-02 4.582212552144905859e-01 4.483566262030507649e-02
1.506494337252833014e-02 4.445361984280919443e-01 4.628677263498580385e-02
-1.215985282109953262e-02 4.287258175093289214e-01 2.083691870953491981e-02
-2.940375300304873957e-02 4.161436975130947680e-01 1.899700827595048741e-03
-2.688713318598999480e-02 4.178257571638656076e-01 -1.423269054324795974e-02
-3.782890212329300533e-03 3.979495034204996728e-01 1.050858062531349890e-02
1.574742246649429508e-02 4.122295595756985120e-01 -1.822262235244591008e-03
3.032979475507471823e-02 4.246953347752803198e-01 -3.572712643635032881e-03
5.791543526045493662e-02 4.472151135233518038e-01 -3.282503444918657975e-02
8.258706601024244642e-02 4.252011792547828462e-01 -4.552447969938450134e-02
7.512117725478120733e-02 4.072894816724939027e-01 -3.619362585590859410e-02
7.277547122725057382e-02 4.016467275694000638e-01 -2.392459089232299579e-02
6.613010757208637180e-02 4.068890632152620812e-01 2.691748780205418384e-03
5.039959150674856031e-02 4.001341586782238280e-01 1.256737909128003740e-02
4.442889470628826054e-02 4.091618185678173036e-01 2.657354870305806555e-02
5.586381971989866357e-02 4.036359301545450751e-01 3.422086042436608966e-02
7.328446824280031302e-02 4.268787786462798217e-01 3.708573912831992364e-02
7.791642927894466830e-02 4.486396222126139421e-01 4.248918762604102922e-02
7.826594129641198383e-02 4.441067395581141941e-01 4.365876116878029262e-02
7.911053863091549454e-02 4.621010379910646115e-01 4.581389128952403217e-02
8.729770238141036642e-02 4.709723954161301740e-01 3.528038411977829636e-02
1.029384607808284113e-01 4.721138295760698433e-01 3.376957852036904795e-02
8.507404164022100423e-02 4.902137208316720840e-01 1.846244964071312722e-02
8.977888214820212154e-02 5.242272368496071477e-01 1.549284307710690166e-02
9.425447201433601041e-02 5.339338654829707265e-01 2.159000461219814232e-02
7.409906672496129054e-02 5.222422227596512645e-01 -4.087097709967655451e-03
6.065739331767997650e-02 5.271943200185047473e-01 -5.064112706596779478e-02
5.615135490043104971e-02 5.179850495727682524e-01 -5.577709602246105208e-02
6.394466733865811214e-02 4.954324711199772358e-01 -6.444916284760186798e-02
5.940714825915534986e-02 5.099042272578404589e-01 -6.762572436278649346e-02
8.893673215399898468e-02 4.983741787375967069e-01 -4.799669056346563684e-02
9.297926531072435441e-02 4.762441228668544690e-01 -4.666217611511623564e-02
1.050781817480142821e-01 4.424062284508581966e-01 -5.730678901576251316e-02
9.370111301371031320e-02 4.211298143776826541e-01 -5.476563715497058393e-02
7.945029238963932650e-02 4.184887901234751184e-01 -3.385987948185148477e-02
7.882931122016668957e-02 4.313377250897516557e-01 -2.857566912165343878e-02
7.838926093376351323e-02 4.390960156402344827e-01 4.183470731797884340e-03
6.330599299511116551e-02 4.452511568731454816e-01 1.345328173660865004e-02
4.859061306558648541e-02 4.357716293687506903e-01 1.655340233380765691e-02
5.378173129982634360e-02 4.429714815981514731e-01 1.346044712440827053e-02
3.237427371185145480e-02 4.584542961640591940e-01 1.623895866205899916e-02
1.600704243553502382e-02 4.663574540757795539e-01 -3.372708524764157778e-03
-9.047688148090989035e-04 4.537435889142213963e-01 2.070094092262119226e-02
-2.507181676149386820e-02 4.556994965798835673e-01 2.382879074654442250e-02
-3.964397541295171246e-02 4.488601924425547063e-01 3.190314036685595878e-02
-5.994394249847881384e-02 4.431879881022533496e-01 4.277651732909722171e-02
-7.303692568150690900e-02 4.424805137282342149e-01 2.876090244236531590e-02
-6.584242954905926426e-02 4.659391330046462887e-01 1.120891906910928895e-02
-5.734539519558685960e-02 4.858109422637912345e-01 1.385244751243574005e-02
-6.280282767382247555e-02 4.969612057640766523e-01 1.446017123067406748e-02
-6.531387666838633921e-02 4.766733202803354885e-01 1.172681159927171923e-02
-5.096691535615648083e-02 4.664769884445635895e-01 1.899917233115320375e-02
-5.204802609870978758e-02 4.414468819853499260e-01 1.109952037442736052e-02
-3.799752693731692221e-02 4.607637976864640827e-01 9.454750159303648011e-03
-3.337092540949911090e-02 4.563018444145737207e-01 1.895123643586348744e-02
-4.825937532631300458e-02 4.276926369770904790e-01 7.443084763895919595e-03
-6.517168129413153377e-02 4.045011162541360950e-01 2.772043771992826512e-03
-5.405994940442438584e-02 4.099414438569832231e-01 -6.287377049800798277e-04
-4.390164178335583672e-02 4.110325307463851829e-01 -2.769779783770186764e-03
-4.796101803033524930e-02 4.117369302937721187e-01 -1.259705910932830408e-02
-5.657613066287635328e-02 3.952212573985819932e-01 -2.383099727003255147e-02
-6.268239988361395953e-02 3.898503057587713316e-01 -3.480598250454840920e-02
-5.215756736299894530e-02 4.186511677302781620e-01 -5.572312347910463731e-03
-7.928418726319187704e-02 4.514376360362807872e-01 3.479819571978190820e-04
-1.011487759909414363e-01 4.476292244628839456e-01 1.149953461949614411e-02
-1.035718240890891734e-01 4.673959797091953861e-01 1.581135046561777530e-02
-1.072366496103578093e-01 4.691827755423330637e-01 1.962461969410674370e-02
-1.173693745641862379e-01 4.499365310705724652e-01 4.596665200511183130e-02
-1.170820828054656010e-01 4.414437223010176381e-01 3.717987492434435964e-02
-1.075003169508759321e-01 4.334671577055051461e-01 4.243135058733032289e-02
-9.686566913971109138e-02 4.444461274790341698e-01 3.881186014867994000e-02
-8.519134517962682895e-02 4.510999486703053951e-01 6.331278608181580003e-02
-8.141712268736847613e-02 4.657151274897683435e-01 7.266534023124444908e-02
-9.253458434345276928e-02 4.791190979881286838e-01 8.643790216879942978e-02
-9.279151500563766197e-02 4.817629156964123860e-01 7.499332021254465075e-02
-1.047959578057924002e-01 4.867788715259808718e-01 7.072871574971913156e-02
-1.203799121516376525e-01 4.904909854833226501e-01 6.295149806747134258e-02
-1.199333442753809098e-01 4.804215563247766774e-01 4.545608934316573702e-02
-1.170935092667096528e-01 4.592794244026486283e-01 4.337200423658659626e-02
-1.206891480821566109e-01 4.285424835511824626e-01 3.215619325392680972e-02
-1.467960987370651171e-01 4.125529768757297822e-01 2.267104562448703231e-02
-1.568113215769693924e-01 4.044633876540618123e-01 -2.089373669394652827e-03
-1.612155702804293766e-01 4.108383822228131588e-01 -1.872111321208152004e-02
-1.616524484499781700e-01 4.325394679033663925e-01 -2.238309958537303135e-02
-1.630663945167493689e-01 4.399867739297254610e-01 -1.208575961873709255e-02
-1.480721766133409611e-01 4.402662744496367297e-01 -4.914354497276869974e-03
-1.676442637315206929e-01 4.661335341831917556e-01 -1.807572789175873607e-02
-1.758591726689961166e-01 4.892070212311345756e-01 -3.595434657818897400e-02
-1.658516488162131430e-01 4.825595564308469143e-01 -3.436445807689143817e-02
-1.704784804972697687e-01 4.738647180355995414e-01 -5.459600653262906833e-02
-1.711140639683935705e-01 4.675007661118347202e-01 -4.286389404983876467e-02
-2.030600105726934612e-01 4.700146360530357281e-01 -3.001605870940829424e-02
-1.814966045796200800e-01 4.442117132442792715e-01 -2.813699150976104943e-02
-1.627755825000456458e-01 4.486228292172062537e-01 2.462971574166836902e-03
-1.371398180253832200e-01 4.522837696125600604e-01 1.336875469245834419e-02
-1.306716170194468507e-01 4.394163305129412112e-01 2.609749584596911254e-02
-1.076674746832035900e-01 4.361573178522929473e-01 2.564645213454001815e-02
-8.579351300394384705e-02 4.452689776618798945e-01 1.860750968390664437e-02
-7.276977110766491563e-02 4.646958599436221138e-01 1.539325371729922953e-02
-6.472578858090360931e-02 4.715993084434987881e-01 2.534523287003780101e-02
-8.253891644503909275e-02 4.773766048268687778e-01 6.108672009803258612e-02
-4.994790428993162168e-02 4.907452068539970846e-01 6.137543201518470132e-02
-4.157160638008515485e-02 4.681914855513202856e-01 4.539875626830476574e-02
-1.679960515226626427e-02 4.589158338191949293e-01 1.840919059154421181e-02
1.184070609150646158e-02 4.554557609038546451e-01 2.450379037302637120e-02
2.610639011050701688e-02 4.547559098765885932e-01 2.029425982444286666e-02
1.999020395114585805e-02 4.473598961367816207e-01 1.089084370147827031e-02
1.500379135170740695e-02 4.691212736944793127e-01 -8.507768235022606165e-03
1.677723258286653238e-02 4.809496069374221139e-01 -5.409124446108947923e-03
3.352345224049371047e-02 4.968328739679098716e-01 4.685309430107417045e-03
1.728338409068225223e-02 5.279829792692495305e-01 -2.033156638460966760e-03
2.449426397922605317e-02 5.312842215775814836e-01 9.489360851788558593e-03
1.101691715517528689e-02 5.212291586513838615e-01 9.022263586420180628e-03
-6.940211210479024784e-03 5.176233095541148410e-01 1.668347755105994631e-02
-3.800917825242083881e-03 4.988878566022646455e-01 2.509575793744531907e-02
9.796966329922378314e-03 4.912636771262690050e-01 2.296301204820704739e-02
1.054430641702750436e-02 5.086908294739656000e-01 1.767360501107523990e-02
8.164316406404827781e-04 4.865344157164914196e-01 6.594963805585371541e-03
1.066372243153259486e-02 4.652074347882446115e-01 2.473493185776796249e-02
1.517160721503907524e-02 4.397269858378525798e-01 3.626351543938959726e-02
9.785389826194746538e-03 4.048568319191952480e-01 2.008992841126906043e-02
2.384795399797471488e-03 3.939573951315993861e-01 1.843205759599935226e-02
-1.388809502082905684e-02 4.069785582308068084e-01 2.042556915651908347e-02
-2.076150742799290350e-02 4.287534509794980186e-01 4.141478147258979836e-03
-7.320936864064982869e-03 4.510710391670540997e-01 9.008901577750381973e-03
-1.360815564998226444e-02 4.433487007076225006e-01 3.346779570613092614e-02
-1.552396533598665584e-02 4.253702194488113153e-01 5.932361565546979965e-02
-1.189138129150209104e-02 4.121898937457883494e-01 5.157185926461126113e-02
-8.683601434302927816e-03 4.097993481622596024e-01 5.526662916994969782e-02
4.672581550263404590e-03 4.065663638328507745e-01 3.348085611356167723e-02
1.539371925866669672e-03 4.200705779031680409e-01 8.515790156714612286e-03
-2.273889322440049085e-02 4.200022478177817264e-01 -7.129773012881160388e-03
-2.414017886079138780e-02 3.998347461927560520e-01 -3.845603903002772338e-03
-1.564497471402875178e-02 3.957574586607530143e-01 1.891407523328355374e-03
1.419954457042808815e-02 4.243424243437536325e-01 -4.392886172535775957e-03
1.152491618096974230e-02 4.342488453256432290e-01 -2.154447365335607559e-02
-6.053678384141163160e-03 4.381818818669945270e-01 -2.094220005439008381e-02
-1.640170380543755704e-02 4.343337454460542424e-01 -3.564437223877606198e-02
-3.556150872149742292e-02 4.323641615647909608e-01 -3.771122296963486109e-02
-7.738022385211729137e-02 4.506417325520242767e-01 -4.354534998969730036e-02
-8.926786767022226732e-02 4.659465019237189476e-01 -3.013600426713134231e-02
-9.452378139143391422e-02 4.644368323592574233e-01 -2.610243849322159068e-02
-9.627768110968790150e-02 4.538760674564788489e-01 -8.666410546784349828e-03
-9.653598640460558933e-02 4.510568768670983331e-01 2.478512333235350154e-02
-8.415191378088143770e-02 4.461154464541011722e-01 3.442253621907594846e-02
-7.804905878023146726e-02 4.800286766153053497e-01 3.632319535520947551e-02
-8.592513176768973304e-02 4.757312683426664912e-01 2.903100380881519157e-02
-8.811512887598629828e-02 4.932522858592173209e-01 2.802652542732587612e-02
-7.344168106143297847e-02 5.108757588454188037e-01 2.986967151595251030e-02
-5.234311206050484833e-02 5.023216245691666249e-01 5.128005928930812196e-02
-2.542625052536195626e-02 5.029335730069877108e-01 6.404124544894447546e-02
-3.332061167329755658e-02 4.839348728433946478e-01 8.383423354901792246e-02
-3.212621112934792300e-02 4.890866201062686880e-01 7.422195935620147511e-02
-3.237703395135853313e-02 4.720081104141251038e-01 6.440259842330947615e-02
-1.143014749844181374e-02 4.657640199609833220e-01 3.421287991001131790e-02
1.801147613355182434e-02 4.604018794983076313e-01 2.574080528951736002e-02
2.164057362999280421e-02 4.377039424541482315e-01 1.874174938914748012e-02
1.304632322700238246e-02 4.135350015296359594e-01 2.078076578817837292e-02
-1.557756185581726967e-02 3.991845155759501385e-01 1.154351098525676841e-02
-7.151048225343676137e-03 4.168562727065661666e-01 -1.254525768358086615e-02
-2.850176894348401685e-02 4.419720641700788377e-01 -4.834032051303888133e-02
-3.330173502315422057e-02 4.493966770523987742e-01 -6.887052457631340219e-02
-4.477066124505110073e-02 4.652114513376256477e-01 -6.923546938540997564e-02
-5.425523736157346344e-02 4.791103236271777588e-01 -7.403669657673263294e-02
-8.207297777950481321e-02 4.546812124509093667e-01 -6.648041076055352661e-02
-9.341565540327925743e-02 4.310759581011840424e-01 -6.548057441029095371e-02
-1.069610234543148658e-01 4.482230150090425469e-01 -3.467708455478465956e-02
-1.076764015471889102e-01 4.641822416169464338e-01 -2.186313153322319569e-02
-9.614193025889884725e-02 4.842911706028754093e-01 -5.004482202689591874e-03
-1.015310053783305411e-01 4.799112486713385528e-01 2.977606590468901901e-03
-1.025950507169100245e-01 4.904251760469120480e-01 3.748393534352713590e-03
-1.005975316208809339e-01 4.723458482314888962e-01 1.596502817993390114e-03
-9.669107705898183358e-02 4.669374262635483941e-01 2.965436086468759697e-02
-8.520754683646336591e-02 4.536572241305418252e-01 4.395608962951003118e-02
-7.625723532072548050e-02 4.672410008523839586e-01 4.303289020133965054e-02
-8.390898472326896451e-02 4.725779201223637704e-01 1.926654679218132299e-02
-1.019843906353087026e-01 4.859336242331843692e-01 1.192909039491266837e-03
-1.140215636834534529e-01 5.172539290130054868e-01 5.565247879918818960e-03
-1.259522233625003929e-01 5.170994847110180759e-01 1.002138371391228869e-02
-1.133200657126752220e-01 4.923435848039148799e-01 3.988355134236795663e-02
-1.119531929156995648e-01 4.556957916753061610e-01 5.027452136766771829e-02
-1.222866163830609587e-01 4.386042514810274406e-01 5.162271876735088222e-02
-9.621388419684306914e-02 4.100398434126309999e-01 5.353488128799917950e-02
-8.581948073285655676e-02 4.236747938878867026e-01 1.764757031752622884e-02
-1.032415824960381950e-01 4.296520714920291639e-01 -1.130504595454132760e-02
-1.059474420056866345e-01 4.353282679839575176e-01 -3.445221029669183477e-02
-9.786203694516919238e-02 4.405856356287506936e-01 -1.631568898469069190e-02
-7.598164700973349117e-02 4.578879086673267040e-01 -1.994548247520910519e-03
-5.671607932676973884e-02 4.518644088545920035e-01 -5.977066174990419353e-03
-1.579034821370367547e-02 4.597009791277776869e-01 -2.022077659120841142e-02
-1.296365845091942623e-02 4.564801107018912063e-01 -1.617967764517956597e-02
-3.062313840039024987e-02 4.564620968507236420e-01 -1.555134689403407308e-03
-2.418570552934101378e-02 4.537287661272134676e-01 3.549796536583763040e-02
-4.323988621746066574e-02 4.613937678406795362e-01 6.366988171766199689e-02
-5.154694627449449285e-02 4.777226869667993148e-01 5.327900649531634725e-02
-6.620095516892668397e-02 4.911053411353804021e-01 5.680475292243031965e-02
-4.022665940722279510e-02 4.935164619835853972e-01 4.406820090928923600e-02
-4.577635475133482595e-02 5.231384928030581305e-01 1.534491212116696410e-02
-4.115731421815725655e-02 5.435606330859821256e-01 8.542588167746466288e-03
-4.149053216198892585e-02 5.648361874516684145e-01 -1.987716982126887244e-03
-6.783847043013033207e-02 5.707948527911720360e-01 1.026281909312036847e-02
-9.148925012928502132e-02 5.691025593689091888e-01 1.074979792197362609e-02
-5.934019473287446139e-02 5.584634331749123159e-01 2.292701953429137837e-02
-4.587431301817433693e-02 5.485555819334457794e-01 2.432170709944240367e-02
-5.468979567850587586e-02 5.412148706213396609e-01 2.672171036860730015e-02
-6.665242531351422972e-02 5.408541139613043391e-01 1.068589488580182559e-02
-8.652998172713974312e-02 5.147632399207880960e-01 1.202998699384118068e-02
-1.079763997728192815e-01 5.078110624572074183e-01 6.488496501191876042e-05
-1.169651142502988739e-01 5.102272920909546317e-01 -2.071855009140001827e-02
-1.327020027373229660e-01 4.811647160762111963e-01 -2.907990403828571158e-02
-1.196776102842222189e-01 4.740806492905467739e-01 -1.751441250996692289e-02
-1.529851945710402339e-01 4.588158262436246027e-01 -2.167376401273565442e-02
-1.849404058157680941e-01 4.396283982693257042e-01 -1.073123824558813201e-02
-2.000711155057081914e-01 4.285856595743257058e-01 -7.234890803992167010e-03
-2.397003695598613759e-01 4.585322392873186215e-01 3.194185727645871067e-03
-2.488039443582878429e-01 4.480252025817939576e-01 2.847838118726809392e-02
-2.308843799889784831e-01 4.399171622070114362e-01 2.776107192080997169e-02
-2.400737442408552580e-01 4.346555271335270643e-01 -2.252628917361870070e-03
-2.364903687947068345e-01 4.446788123547099070e-01 -9.329072177006281913e-03
-2.130492493833062995e-01 4.674400568623333085e-01 1.923023237898681057e-03
-2.332759691184366768e-01 4.901767015526712901e-01 -2.969342730917651219e-02
-2.311891498449856197e-01 4.801451939222883825e-01 -4.294304748655580761e-02
-2.420697282424973673e-01 4.862256817030684575e-01 -4.168300420203326084e-02
-2.322013820022404418e-01 4.908314609212456325e-01 -4.293556001544341499e-02
-2.253758660592896923e-01 4.833884909073680181e-01 -3.599817132514636364e-02
-2.162061578693005304e-01 4.893570325684344358e-01 -3.640904880377871661e-02
-1.949482945344725160e-01 4.925288889670244030e-01 -2.001067786332563075e-02
-1.943146080426506050e-01 4.883550564682897499e-01 -2.052485958810229896e-02
-1.798376349932912510e-01 4.824805415218803573e-01 -2.774384081147205153e-02
-1.731555916051034649e-01 4.747313100345257886e-01 -5.087117662246479211e-02
-1.668917637586707359e-01 4.567641587673828552e-01 -3.893281221469182402e-02
-1.692896256357269147e-01 4.611137328061600260e-01 -1.981342252726225536e-02
-1.409510149770225318e-01 4.309707770366392743e-01 -2.590420585962669581e-02
-1.099763848859987431e-01 4.458561846368737647e-01 -6.874378490881284665e-02
-9.708049336530473472e-02 4.646151104126567399e-01 -5.800661903482000337e-02
-9.308504172124971998e-02 4.911101055567943519e-01 -5.017911372815411775e-02
-9.509094447625772439e-02 4.834128593347568059e-01 -3.888411448854280084e-02
-7.686722114186483878e-02 4.844668953663381905e-01 -1.030168462849380059e-02
-5.674651160071149392e-02 4.761717931255811109e-01 -2.641673024253575822e-02
-3.759933803873739822e-02 4.669541105800955605e-01 -3.134399918829401666e-02
-3.955909651776473579e-02 4.547257261584624621e-01 -6.937942850055028865e-02
-7.063991513467263172e-02 4.607071609243665877e-01 -9.433104227708394296e-02
-1.108564916197158218e-01 4.508338881890204264e-01 -9.333458041684788986e-02
-9.794673156201053055e-02 4.539589061853267493e-01 -1.036516753629449367e-01
-8.692474366507353667e-02 4.545282983518554865e-01 -4.049049214472709435e-02
-8.961652975329173487e-02 4.915107564094088888e-01 -7.381464209703508805e-03
-9.203968350562408141e-02 4.767184786399339402e-01 1.751385982275270592e-02
-7.844306515473040142e-02 4.699936887054370072e-01 2.347211848593643360e-02
-7.375524528834906390e-02 4.869407206857750969e-01 2.134514006757359458e-02
-6.324528334208834313e-02 4.630234925526938716e-01 -1.331235900802886854e-02
-4.470954549138945328e-02 4.471142122625493265e-01 -3.347110209620043908e-02
-1.171514964651657054e-02 4.237074255585245863e-01 -5.518844312393898777e-02
-1.060606788490136426e-02 4.418409962944175873e-01 -6.034054497685509971e-02
-5.796830330890606793e-03 4.464461203879157569e-01 -5.536486595043095538e-02
-9.893911272452317676e-04 4.318289737662178718e-01 -3.374050296927744164e-02
1.438109758445636072e-02 4.235604809173660890e-01 -1.530903197234926086e-02
2.502265066492571563e-02 4.232681310837808630e-01 -1.517412397403552701e-02
3.088363546131482271e-02 4.293560700907989580e-01 -7.382209010628720813e-03
2.913544196158683597e-02 4.417809204352695085e-01 -4.112275419295195224e-03
3.206748810877088629e-02 4.276128311336636068e-01 2.036012275624223336e-03
4.827584002016609144e-02 4.455197810808981806e-01 6.246519360603875609e-04
5.053663541559016981e-02 4.409646142581382655e-01 1.948288165080546298e-03
4.264918599888930378e-02 4.342464974303105740e-01 -2.053479284146218081e-02
4.651434374332615029e-02 4.595940490215585372e-01 -1.446202881269983628e-02
2.608259526133076267e-02 4.851494059267135728e-01 -1.104388556692444991e-02
5.046869042072846256e-02 4.913694783597816751e-01 -1.561370714156176329e-02
4.884428696404200659e-02 4.682259870985645001e-01 -1.244839121774098285e-02
5.189356362575036491e-02 4.397783220111617375e-01 -3.807025978150355150e-02
4.684855833855813834e-02 4.030490381538240352e-01 -5.551741661007167372e-02
3.591671399754024774e-02 3.928216933930595567e-01 -6.769151396024034040e-02
8.508364373270002612e-03 3.800303731150525000e-01 -5.805275214571804787e-02
9.068714246972151352e-03 4.001742846325693770e-01 -5.929124719299354307e-02
4.852090230877830618e-03 4.089450021227447607e-01 -7.699029184827213546e-02
3.345449532402492224e-03 4.266158242041852011e-01 -5.352769751303369100e-02
-3.033391496406677434e-02 4.214847986542336611e-01 -4.888144023580794084e-02
-3.360744410407142529e-02 4.254747333549303012e-01 -5.091988083653311431e-02
-4.424187123028949092e-02 4.296123433395666602e-01 -3.370369065067059522e-02
-5.479522819924814714e-02 4.322185510324986213e-01 -1.385214984507392860e-02
-3.905500258595112628e-02 4.340350571103137600e-01 2.770570176644785582e-03
-3.743449461047992227e-02 4.138895788066312420e-01 3.887790798992596386e-02
-4.315728511832398612e-02 4.146213124246027060e-01 5.491847156563579857e-02
-3.922396980371900543e-02 4.156331282079870904e-01 4.287428099473503118e-02
-2.930133420358888019e-02 4.180401576411965636e-01 3.382596047862548860e-02
-5.080303421478152281e-02 4.407724733706282483e-01 1.967663064454440447e-02
-4.986237426929712030e-02 4.322883264717110596e-01 9.407465500597225402e-03
-4.066299480802274685e-02 4.223166862419111545e-01 -1.174609184824336634e-02
-4.331660718480327688e-02 4.631927749651265636e-01 1.998577927302887247e-02
-5.834539288011065389e-02 4.802928530630751203e-01 2.168860573708299155e-02
-6.478963474019175384e-02 4.790530507512856251e-01 4.300428871514726942e-02
-7.232035845697032395e-02 4.497648333098076545e-01 5.664128314222036109e-02
-8.241323637146874548e-02 4.467574276560723479e-01 3.929098240112707113e-02
-7.488492053443583651e-02 4.620243937500115305e-01 2.622104524456009278e-02
-8.454096018904928844e-02 4.555236575212553429e-01 1.753673571744315124e-02
-7.961745962291431888e-02 4.546475035078237914e-01 2.398022323098656511e-02
-8.162831905431168489e-02 4.322893750936192547e-01 8.266254495628722748e-03
-8.899022139139114995e-02 4.238775517137038373e-01 1.536948757328267592e-03
-8.331671052941186373e-02 4.160214695486160186e-01 -1.831728958736854318e-02
-8.806737520354823712e-02 4.007532138240873509e-01 -1.644668171813551405e-02
-8.205118745641867828e-02 4.066659671637213314e-01 -3.912997412610263320e-03
-7.318614307705673117e-02 4.141778741346905379e-01 -2.042530735439174877e-02
-8.154091623130914346e-02 4.057119808082425005e-01 -2.363850058534396753e-02
-1.130652589258011043e-01 3.892382167055534747e-01 -2.283644547754496920e-02
-1.266750074299467510e-01 4.041785520004772536e-01 1.328765590252031434e-02
-1.282281241406755257e-01 4.206307945114577396e-01 3.078805022380372639e-02
-1.214930925277749041e-01 4.251798210963523839e-01 3.304882204951806179e-02
-8.237437081520003479e-02 4.342777481587817290e-01 3.271869177551871288e-02
-6.062617528251587617e-02 4.382801679489510827e-01 5.272439774866636425e-03
-5.638834752075141954e-02 4.596136074194485666e-01 -2.579456828908328198e-02
-5.476781852078665969e-02 4.600879457199648082e-01 -2.201109913115549543e-02
-5.382310308577227531e-02 4.537789418835845856e-01 -1.316017947891377771e-02
-5.822691991296251313e-02 4.616955609001640592e-01 -3.986479104839072557e-02
-5.491942647813570499e-02 4.582114107207182485e-01 -4.967008963045723563e-02
-7.124332169592004216e-02 4.595969244360321726e-01 -5.093229208979493938e-02
-9.536364405579751680e-02 4.801407874813861665e-01 -4.157948594826699207e-02
-9.226629120051257904e-02 5.018791832697371280e-01 -3.815260486449643940e-02
-8.956947673216787698e-02 4.816206747064775695e-01 -3.551810582031831448e-02
-9.893141320985693321e-02 4.792190324925006961e-01 -6.638513610759899652e-02
-1.068468419532040692e-01 4.827485955144314445e-01 -8.913171656434566714e-02
-9.837701986424049472e-02 4.990390334651660376e-01 -7.668252659424075468e-02
-9.992343613051379858e-02 5.163279344047730923e-01 -5.050763958311559054e-02
-1.210269257113305297e-01 5.165319928520082371e-01 -2.735746532871512204e-02
-1.285246327810505018e-01 5.046973184229389675e-01 -8.919926675705305841e-03
-1.048630126671303286e-01 5.136578482017906122e-01 -9.417047871627962086e-03
-4.914898930264668259e-02 4.976571887364288349e-01 -1.490386601587056006e-02
-9.828756273987798719e-03 5.123936036318920140e-01 -1.411212333717240357e-02
-7.803779477898181369e-03 5.226645219194520076e-01 -2.484075213035490809e-02
1.150952120801922683e-02 5.356880074433266747e-01 -2.247530146340032467e-02
1.805423878997618192e-02 5.313757258244368176e-01 -3.435303075032532238e-02
2.077523077936750326e-02 5.481266147776101549e-01 -5.217903542997358313e-02
1.355220752285455493e-02 5.376953377775396392e-01 -2.568460197576578896e-02
3.238683357768695759e-02 5.340501146112153208e-01 3.088529322661355547e-03
5.563468556614226124e-02 5.553107769687308792e-01 -2.327544151017237745e-02
1.144095076100679481e-01 5.620618444009655157e-01 -3.945998140824277800e-02
1.416530235005088734e-01 5.674427803204052934e-01 -6.215013932849144940e-02
1.396904863630432647e-01 5.831235446379117171e-01 -7.930013788658175911e-02
1.375062865049500038e-01 5.813731149589751457e-01 -8.385854994182437294e-02
1.118255517553725653e-01 5.630887889333436869e-01 -9.702495010474793125e-02
9.166047544351049736e-02 5.386900694567386960e-01 -9.970569314798158334e-02
7.906776367960574592e-02 5.167851413296652430e-01 -8.831259459748269647e-02
7.504192994412624274e-02 4.867657405078905097e-01 -5.807776270904537602e-02
5.723306827092831950e-02 4.759123247376104149e-01 -2.685853890826754922e-02
4.020096963166772119e-02 4.778679920783293067e-01 -1.205494364687959528e-02
1.032791244928629379e-02 4.783357004325111128e-01 -7.609249056865222821e-03
2.502240716528133374e-02 4.905178304651315879e-01 -1.026777781382315693e-02
3.585819849879843396e-02 4.986875371240926391e-01 4.088529879818364465e-04
4.683058782104304596e-02 5.081719510355675595e-01 1.161936790194947368e-02
6.680296430034078636e-02 5.281337754633477211e-01 2.383124384790161199e-02
7.678601776547698543e-02 5.278753051698800158e-01 3.830286460013547500e-02
7.712454481147887342e-02 5.267747446278623347e-01 4.039507376598022031e-02
6.901751735077382710e-02 5.134850561694991322e-01 5.126574256927284717e-02
6.847260117659088874e-02 5.008658868834908739e-01 7.454864049964218808e-02
7.310196899267470960e-02 4.726491200876610788e-01 8.787425484793384700e-02
7.114158781013610322e-02 4.639836332498544769e-01 9.338124502149718065e-02
7.061949970382654096e-02 4.470870775827807675e-01 9.556873452086346588e-02
6.048938775087540215e-02 4.417515598020747003e-01 8.039111405422247336e-02
6.272498733525963543e-02 4.567913036560514728e-01 6.272492619862730934e-02
5.432105404269970544e-02 4.481301347692652759e-01 2.157334438645441832e-02
6.936086976694501305e-02 4.570351028374928237e-01 -1.002192884985292354e-02
8.795887538760328861e-02 4.739688333539667231e-01 -7.270708990409418399e-03
1.061082821554346356e-01 4.802006043750053910e-01 -1.239752993990238597e-02
1.163784036031505070e-01 4.930976367108346747e-01 -3.756151874701489299e-03
1.216791930397563837e-01 5.178500458401318340e-01 3.993853110671360430e-03
1.146491790402338201e-01 5.418181054526378659e-01 -2.545143840611191477e-02
1.029362973229142747e-01 5.411456334107122013e-01 -2.928420092117350534e-02
8.942032654083421905e-02 5.533422390090082521e-01 -3.389313538549262872e-02
8.239536534899970233e-02 5.597906304179088854e-01 -3.548886245233315306e-02
7.781004786750192470e-02 5.376699353026823669e-01 -3.746394804799720729e-02
8.078203817940129983e-02 5.165901504825506363e-01 -4.457571803677450734e-02
7.611162239376502436e-02 5.179195808076598739e-01 -5.611226009692324435e-02
8.576465403921146313e-02 5.165676666246189486e-01 -4.736039628957987302e-02
8.639350146286674248e-02 5.006362501172743062e-01 -4.037636057977012777e-02
7.002623903427013241e-02 4.815557928480583838e-01 -3.646336868466136527e-02
7.012977138610840266e-02 4.667468016887950100e-01 -3.057347379862497203e-02
7.181643806311480138e-02 4.818146829028256972e-01 -4.420365949359487956e-02
5.407175281059179578e-02 4.695060517071576456e-01 -5.156015881606495349e-02
5.075658968369402280e-02 4.785647039287403426e-01 -3.037734164354264146e-02
4.366513457878846288e-02 4.451647309295063693e-01 -2.662456138641008593e-02
5.352272794500386593e-02 4.488346841524084585e-01 -8.995699200296799342e-03
6.781040253592890421e-02 4.617207801055678851e-01 6.414192079863909740e-03
7.592840050712899858e-02 4.789300311468202009e-01 1.264500781459893149e-02
6.704617508394594694e-02 4.794258935820636114e-01 2.467665948352421035e-02
8.116257542235419398e-02 4.635709357268353870e-01 3.111506313773661214e-02
8.004703791083717102e-02 4.562701089629388473e-01 3.450880488112141598e-02
8.092699305190716175e-02 4.642120936822791144e-01 5.146836689551542027e-02
6.181045207022267673e-02 4.603158112779631161e-01 4.637448316988321273e-02
4.421404739624347491e-02 4.734082673285167631e-01 3.632451111054167681e-02
2.123212822727521196e-02 4.822098181946866124e-01 1.872888497344686945e-02
1.579298709371321219e-02 4.653347573618740740e-01 2.642187155414327943e-03
5.073044135665889798e-02 4.473562074327374627e-01 4.766786146875609184e-03
6.825357912931281912e-02 4.438658522026781017e-01 1.703062297140620074e-02
7.629064692089301825e-02 4.216688044993329720e-01 2.403255459766129656e-03
5.075606592311160403e-02 4.092316105946519067e-01 3.188178775482922948e-03
3.485300879243509453e-02 3.994670755181775057e-01 -2.882714732085217297e-03
2.662839031209467480e-02 4.166107000791837711e-01 -4.531186269659469648e-03
1.067725505710793305e-02 4.211248305799613068e-01 -1.021109784072023532e-04
-3.832885754487994068e-03 4.210519230210674757e-01 -7.152592739313181572e-04
2.140487633649329133e-03 4.165318306047539054e-01 -2.011157629195733671e-03
2.020168827669460709e-02 4.278062398528164056e-01 1.010162725904598970e-02
1.605224723593335831e-02 4.354444220412980182e-01 1.872232059439304583e-02
7.399779021985318506e-03 4.757060551643695345e-01 2.410188017095292456e-02
-8.668840238653111735e-03 5.036668306112291882e-01 6.369527668401289006e-03
-3.605647085252117190e-02 5.025904375259412360e-01 -9.563938599835904164e-03
-5.406266260360906989e-02 4.984191295209811079e-01 -6.212772938429819182e-03
-5.148050138510098378e-02 5.158496163665050593e-01 -3.542260504049261904e-02
-4.965530368463166866e-02 5.273917854306929831e-01 -3.327595684902552586e-02
-4.292704555389710575e-02 5.234186848626015687e-01 -1.858778977490591414e-02
-4.334186537273322648e-02 5.122487275067092449e-01 -1.984210258460196441e-02
-3.328858239865015167e-02 5.258686323974740562e-01 -3.752560553591757775e-03
-4.336702429839178752e-02 5.159909037724530467e-01 -5.015350800919356894e-03
-3.582380339915211542e-02 4.813020996377719296e-01 -1.805923542342316966e-03
-3.581816609959352637e-02 4.533999491548474370e-01 -7.130241701827442352e-03
-2.359952432855803861e-02 4.777624839665461365e-01 -1.501328889351411476e-02
-2.924386817491972032e-02 4.948244760808956366e-01 -1.873080199594178569e-02
-3.875396989987314744e-02 4.912443911603822655e-01 -2.135002897310400369e-02
-4.172397872974597383e-02 4.824772500767751660e-01 -2.825621186814433750e-02
-4.347868651568716908e-02 4.744495249360604072e-01 -2.552926767907387484e-02
-4.472855802827734734e-02 4.590894142908824582e-01 -3.341969769705067234e-02
-6.507333354880409648e-02 4.488464736981955250e-01 -1.824460110992108530e-02
-8.583033308430314257e-02 4.454905630180828746e-01 -3.053872258862921560e-03
-1.044560705705390585e-01 4.368576835992932783e-01 1.711199376011524054e-02
-9.810494356302446040e-02 4.275879084897767912e-01 1.795445656533885964e-02
-1.190395786884871077e-01 4.204180671255111634e-01 2.389175650668868070e-02
-1.374785621768381816e-01 4.056475360074135450e-01 3.996958490746516102e-02
-1.298407211601401989e-01 4.202677107922602739e-01 5.274481070504107028e-02
-1.123026479175426723e-01 4.352526121020056649e-01 4.103330677046463509e-02
-1.278361848916733379e-01 4.375645718129966832e-01 2.477036943911180289e-03
-1.236674373074983929e-01 4.497540063072389405e-01 -3.711862142460314179e-02
-1.271209288911425983e-01 4.403488676741156294e-01 -8.168400484261875705e-02
-1.254744495126690063e-01 4.267659752533864981e-01 -9.587151852878712799e-02
-1.141655591403895054e-01 4.224428672974007704e-01 -7.878406881707770981e-02
-1.108197087011146137e-01 4.361664306977239836e-01 -7.969646360088832038e-02
-1.206117507605259931e-01 4.244329895926555185e-01 -6.445093592218339995e-02
-1.045460454666594652e-01 4.383210542533008125e-01 -7.362982740925877456e-02
-8.815219183639309841e-02 4.518659249901285646e-01 -7.295336124505033548e-02
-7.912621805784650353e-02 4.591932783256866824e-01 -5.855875643011845127e-02
-8.515804818017071176e-02 5.123550099586445805e-01 -5.001393260024507986e-02
-8.938158630497480828e-02 5.308053564237111832e-01 -3.148880786838300500e-02
-1.271266292243877494e-01 5.417412446860990771e-01 -2.367186692909906132e-02
-1.278200270562297181e-01 5.493817859625897970e-01 -2.531267135123923054e-02
-1.296286733062050056e-01 5.423103506934344731e-01 -6.759156053440951856e-03
-1.127772750265355478e-01 5.284995583656750817e-01 1.019510173189908109e-02
-1.341337762603295181e-01 5.183675731324478564e-01 8.016933410163195467e-03
-1.509112505851945563e-01 4.654432095632520805e-01 1.048587822889662791e-03
-1.645613905914092567e-01 4.298432319061789575e-01 -1.073152333196152400e-02
-1.718066586931956408e-01 4.152199817410228144e-01 -1.948088944503921505e-02
-1.531820447313023970e-01 4.186406315424152647e-01 -2.934638981890900014e-02
-1.511977114490618834e-01 4.420999300897899831e-01 -2.061087038542752659e-02
-1.412662252600671020e-01 4.708770957239938881e-01 -1.487000292470472274e-02
-1.449041921904778707e-01 4.800041407879236388e-01 -1.788453017004044271e-02
-1.577068277872232527e-01 4.977520816286815641e-01 -1.496479419650426773e-02
-1.761459759620345455e-01 5.183275625041019463e-01 1.396329237908486287e-02
-1.535488658562510211e-01 5.106594661154587600e-01 1.710780871608886741e-02
-1.409673108142344422e-01 5.060342257977938907e-01 -4.792070287582130689e-03
-1.489915344711089384e-01 5.096895407614836504e-01 -3.654811024486903388e-03
-1.605115366505965868e-01 4.891221969933883806e-01 1.486198299917620633e-02
-1.521304221295227410e-01 4.876276575457523244e-01 1.730103601300262556e-02
-1.313687786350435094e-01 4.880230123131206188e-01 -1.136765323487816740e-02
-1.109500781093223087e-01 4.765539497463269214e-01 -2.783670406868110972e-02
-1.072918246291140049e-01 4.609134773222043902e-01 -1.812551198542165787e-02
-1.255678893249817796e-01 4.413602866065859942e-01 -2.085047240409617503e-02
-1.348746153236502487e-01 4.236447507555631264e-01 -7.468931651526039550e-03
-1.667788138316481650e-01 4.254036307438535669e-01 -1.159468458299770313e-02
-1.679346425529799347e-01 4.173296029208112823e-01 -8.081226733618667932e-03
-1.526870878422172950e-01 4.331131456348683018e-01 -1.397520114851508351e-02
-1.380433652012058310e-01 4.222164050932207813e-01 -1.570005019740481136e-03
-1.209908839544800302e-01 4.243603101333438543e-01 2.071445916949423566e-02
-1.058569701009812042e-01 4.201711729059920963e-01 1.399098474996061242e-03
-8.294240596671240140e-02 4.162757590666155694e-01 -1.344552834056635289e-02
-8.289425728952493078e-02 4.152046016634396985e-01 -1.956364370285176152e-02
-9.775909942253344087e-02 4.213791532622250258e-01 -1.637626963621742135e-02
-9.387804350511609608e-02 4.291107061717641113e-01 -2.381261528369529867e-02
-1.026568131882026891e-01 4.142139865747104244e-01 -2.920668061648433803e-02
-1.129143930369913701e-01 3.942437799865278203e-01 -8.392586439554691746e-03
-1.281263352566826830e-01 3.889250297955691438e-01 1.376036200054890288e-02
-1.083431800824296992e-01 3.860177248374903614e-01 1.613817940590193956e-02
-9.795330839617875929e-02 3.928523734937115486e-01 2.478306546697995466e-03
-8.437408796271121669e-02 4.023239057330195156e-01 -1.030316292144569344e-02
-1.141065542256509691e-01 4.179585459892908861e-01 -9.633545455620277920e-03
-1.217264665256675843e-01 4.371329472442269659e-01 2.674129825078129866e-03
-1.203434113764734747e-01 4.441867603008959886e-01 1.627262799068313753e-02
-1.158904122370951612e-01 4.399211173608593706e-01 2.520974738431215612e-02
-1.211406075254319870e-01 4.631159037944504453e-01 3.499838042405517546e-02
-9.576867217742472682e-02 4.763046648148080986e-01 5.037200961924499093e-02
-7.798314702773508078e-02 4.609471487707649251e-01 3.769654980242996556e-02
-6.195883019879246112e-02 4.678648449254182995e-01 1.886894061224342334e-02
-2.305538241781186076e-02 4.951749723659332192e-01 4.209417627609115739e-03
6.019197664318794855e-03 5.214895663664853576e-01 -9.749427756538437545e-03
2.301017876892451353e-02 5.113588542037904583e-01 -1.096370068107699325e-03
4.036288660025606767e-02 5.077629378427122031e-01 -3.830728609531605568e-03
3.668603664654195018e-02 5.074623401479337881e-01 -1.667328567844091232e-03
3.793096794797980870e-02 5.119765607810853325e-01 -3.594238559746987076e-03
2.355834851551804471e-02 4.914476669343104676e-01 8.848020396047161923e-03
2.830084347296123876e-02 4.943313137960377857e-01 1.077858237173380702e-02
2.352597280381986747e-02 4.764796437854111333e-01 3.308431861055584344e-02
2.534031071159412868e-02 4.872301942278675080e-01 1.798607709516295006e-02
2.679384714000829226e-02 4.640464398291900827e-01 5.734816129278773669e-03
1.595466518282226409e-03 4.562354674660146214e-01 -2.103354095668460988e-03
-1.511870154872510877e-02 4.586669433420163533e-01 -1.308640718042254798e-02
-2.472327938146779563e-02 4.736148802130607516e-01 -1.654427228994821350e-02
-3.474957756398205921e-02 5.027336598338646434e-01 -3.342497529180475657e-02
-4.397718210909676295e-02 4.919535748697410615e-01 -3.868863874229080957e-02
-6.073164406043188301e-02 4.879218843832467400e-01 -3.951347780581625918e-02
-8.769705342615156940e-02 5.085405313343241973e-01 -1.427512833794778238e-02
-9.295230940211308968e-02 5.295970978073741842e-01 7.135850211737824328e-03
-1.043967069035433015e-01 5.253512722366985299e-01 2.407400285867902778e-02
-1.099363009752226533e-01 5.056953965284589625e-01 4.090436132338676894e-02
-1.150514369283566901e-01 5.213486275000748238e-01 5.575481153307756260e-02
-1.198645277379123270e-01 4.997629341006538661e-01 3.803886400400045831e-02
-1.125383000643848941e-01 4.648989734614681346e-01 4.325128681449236928e-02
-1.113215066116662322e-01 4.695940054565774791e-01 4.626628401950593633e-02
-1.297830522885269899e-01 4.753506818940295697e-01 5.573989417511206190e-02
-1.101562787922069075e-01 4.724181068994961485e-01 4.442731912842319553e-02
-1.016709406241247532e-01 4.744793772558418832e-01 2.619639070469421613e-02
-1.217572395175003097e-01 4.688901294690443478e-01 2.090144931892825089e-02
-1.062256932451563773e-01 4.783441231161216778e-01 2.621526009896437553e-02
-1.072661645340630132e-01 4.842065544589582715e-01 4.716007816542143460e-02
-8.585116090136922506e-02 5.068229311576195606e-01 6.482907167345865196e-02
-6.453335550348768268e-02 5.108710182486067009e-01 4.530840072920701289e-02
-5.491319921950852528e-02 5.010333357705748503e-01 5.036862178820285252e-02
-5.181930293905804424e-02 4.986743728316190283e-01 2.897214477232298163e-02
-3.617393298372825750e-02 4.893141642942447356e-01 8.211472661480576085e-03
-5.639225998898957093e-02 4.839324779135513732e-01 -1.526107661095101389e-02
-5.354520530880368945e-02 4.999313479020173201e-01 -4.106442925381914577e-02
-2.539808898602519821e-02 4.933567193112777249e-01 -3.030291837252006154e-02
-8.181572397039788003e-04 4.882544009033661925e-01 -7.981496463633268312e-03
3.875470265127698571e-02 4.780558296737335566e-01 1.884249804559690739e-02
6.297131031523992006e-02 4.902358380732843024e-01 1.745048130189037414e-02
6.244591127443235856e-02 4.824368877792421517e-01 1.369683854501105302e-02
7.992774031358684805e-02 4.722591599011437546e-01 3.804496973577976837e-02
8.206124951150499391e-02 4.613612136869916225e-01 3.123138281861393903e-02
6.607101110784241449e-02 4.450317536151764397e-01 3.257861171793337285e-04
5.284018718570614864e-02 4.758655145633089445e-01 -1.032457311763551079e-02
6.534715429918140639e-02 4.885500295664418902e-01 -4.928243253236458399e-03
2.815672925931233389e-02 4.934626397139840748e-01 1.251887612944039760e-02
1.530080881660124577e-02 4.959581060114586770e-01 5.428041112276127400e-03
4.576290751313121311e-03 5.093476236781355748e-01 6.853103297221664961e-03
-8.181765812157064388e-03 4.977598454819137652e-01 1.539696443312791804e-02
-1.923525467905649183e-02 4.834060410103777627e-01 1.608234082750606073e-02
-3.904257564978086403e-02 4.897372270095534108e-01 7.486090030893557609e-03
-4.310513675406405648e-02 4.792181001639054805e-01 1.147980275610246265e-02
-3.108139274033950433e-02 4.866096849084612930e-01 3.141736908476717993e-02
-3.060475649990005223e-02 4.863085577994387676e-01 2.729621152429877878e-02
-3.916990149174614383e-02 4.754530076863379140e-01 1.432667814593569129e-02
-5.085252248377804263e-02 4.919716161212653316e-01 -8.272194045875405979e-03
-4.798344467628913590e-02 4.869011707704472558e-01 -1.578436058152144980e-02
-3.218997864224647926e-02 4.682136290169885973e-01 -3.908334160795914197e-03
-1.677168529176315676e-02 4.571440174899616404e-01 -1.355482020561781832e-02
-3.244650002783687481e-02 4.684229036281341574e-01 -2.239212464426468957e-02
-2.672752977409020500e-02 4.869868067419785285e-01 -2.111656782295980375e-02
-3.271405124039772350e-02 4.901910936797047591e-01 -1.946339061851726920e-02
-2.871030415406797265e-02 4.788691073691466737e-01 4.577332739251795124e-03
-3.754945933613801357e-02 4.862042544286376278e-01 3.071234704174644059e-02
-4.432239320079814360e-02 4.834953481013389287e-01 2.085113861848874456e-02
-1.733915614006063116e-02 4.717860995841345884e-01 2.886847281687851541e-02
-2.049932108690243407e-02 4.592506386130845164e-01 1.428270367247633926e-02
-3.377092833411021733e-02 4.792450248725226292e-01 3.325238298390687658e-02
-3.762610195822672227e-02 4.741005619775856550e-01 2.459821257891683238e-02
-3.114070771441536378e-02 4.285642226425784296e-01 1.253172597035435293e-02
-3.581192415099951343e-02 4.440013034984527929e-01 1.462724783178768681e-03
-3.185073288056568946e-02 4.565240344915115767e-01 5.465625999220879213e-04
-4.541160378558865840e-02 4.685080382546326638e-01 -1.275587794639898055e-03
-4.698465784235063974e-02 4.998745640777936816e-01 1.050326171076336468e-02
-4.404943399349817157e-02 5.043274473767954680e-01 1.346706021109076931e-02
-2.814174246645456332e-02 4.896278978299783979e-01 4.648191895910513960e-02
-3.092918765026109185e-02 4.870920292868222146e-01 3.723797319143370976e-02
-1.872067317963060223e-02 4.739042544488895059e-01 4.697562708602558840e-02
-3.888396963410330198e-02 4.932550545062801550e-01 6.734545762565083415e-02
-1.862796368767830751e-02 4.944933314479720843e-01 4.049596347776961147e-02
-9.612488249266892479e-03 4.889552418442210113e-01 2.846305706202835809e-02
-2.089352890879930119e-02 4.978795835793607405e-01 3.763675866528870539e-03
-2.460242137405376645e-02 5.018629177756168680e-01 9.630330047362346130e-03
-2.705021483380429248e-02 4.902602434285480704e-01 2.623623960675731601e-02
-1.630788658693990006e-02 4.839824766072634010e-01 1.739618939153895344e-03
-2.157433594429921872e-02 4.633320673827076575e-01 4.120983309992767504e-03
-4.081988928055522298e-02 4.624425370283975489e-01 -4.259582351819786450e-03
-6.161719766025836736e-02 4.602476965390397412e-01 -3.462419782458477785e-04
-1.002156291947635391e-01 4.584117515364635742e-01 -3.205778661565677947e-03
-1.245422811830901727e-01 4.718380742241873316e-01 -1.047143646985600543e-02
-1.480677807440962113e-01 4.844611993069666278e-01 3.356385839830482859e-03
-1.586962273310719151e-01 4.976864807973358507e-01 7.643009321753635975e-03
-1.334849810294415628e-01 5.105275436167089342e-01 -1.245268685984365561e-02
-1.114477047294523543e-01 5.284268061567801711e-01 -2.176507010977186268e-02
-8.309029857074329284e-02 5.144797328056213148e-01 -9.166075943820265956e-03
-5.650783306956682489e-02 5.145540677823436937e-01 -2.177762684617843073e-02
-6.667920593272980145e-02 5.140604710143695799e-01 -2.203744343029452948e-02
-7.037537507682017912e-02 4.986585656443993098e-01 -2.416096700127937438e-02
-4.288677721849125379e-02 4.924691455796147976e-01 -2.147942467700311719e-02
-5.629216281689747303e-02 4.747932420914566243e-01 7.072285821121557237e-03
-4.210487584049590198e-02 4.536273911773173184e-01 2.399790734893502558e-02
-2.956266410724923965e-02 4.173348596151996159e-01 1.402105405599466705e-02
-2.732213964120229835e-02 4.060281204606080996e-01 -8.387534901014724945e-03
-3.652801421621973410e-02 3.944963801845696727e-01 -3.620406218074179866e-03
-3.839880064997427955e-02 3.944237371324951780e-01 1.903275053240883335e-03
-4.985321598199103643e-02 3.797987423120210426e-01 2.028372748508260048e-02
-5.986513113237278139e-02 4.034923772590783830e-01 2.387071804322438151e-02
-6.946249607236423818e-02 4.238803188984771597e-01 2.438609889497810046e-02
-9.351194583322491871e-02 4.424912897956824187e-01 3.199878441545318114e-02
-9.561682873895605006e-02 4.241222450274233502e-01 3.030595442892936378e-02
-7.687379616678541305e-02 4.291450853396163723e-01 3.556877773967291601e-02
-6.347502902369968336e-02 4.289844997105484170e-01 2.622410801172461378e-02
-5.912263544677863469e-02 4.204368725591633438e-01 2.027004900669143392e-02
-3.854414489449906056e-02 4.177275711602962960e-01 2.061159585585615323e-02
-3.698073818717231842e-02 4.235044187194280108e-01 3.222669671300674998e-02
-6.367463593204977790e-02 4.475728700617306322e-01 1.432912481690515327e-04
-8.757418751772555465e-02 4.826072507945840528e-01 -1.853980755803943947e-02
-9.313637511302573502e-02 4.713041945467470462e-01 -2.204185869028367495e-02
-1.139486920800318048e-01 4.768084922169692486e-01 -3.255221431600035381e-02
-1.317934246268516185e-01 4.910860176544704636e-01 -5.823678267394021696e-02
-1.317956678666048764e-01 4.909963905063314815e-01 -4.776182187437486709e-02
-1.404852583587186399e-01 4.889153911987471623e-01 -1.905830847755737856e-02
-1.313738763541477117e-01 4.815461996526001487e-01 -1.588357863317453600e-02
-1.542185246735671700e-01 5.035752222640628162e-01 -2.058906141025877365e-02
-1.860672724402495926e-01 5.018742485787164309e-01 -1.998803876022933398e-02
-1.836593555246089082e-01 4.956779951071104695e-01 -3.013763204522054706e-04
-1.805526742933188655e-01 4.999513270736751780e-01 5.032313448194364498e-03
-1.797422132666362249e-01 5.165841188018126529e-01 7.649947160369688706e-03
-1.442064010696640641e-01 5.127567002389108453e-01 -8.191484889702137229e-04
-1.340873983108240020e-01 4.791692108023220542e-01 1.154483203991259026e-02
-1.110984792340025951e-01 4.592270739593431461e-01 1.028694736502641476e-02
-1.054117761098707501e-01 4.618976324733328198e-01 1.255097465704768482e-02
-1.056970825272586373e-01 4.767394623669989340e-01 4.463153199202884308e-03
-1.033001072520822461e-01 4.882719136641359703e-01 -1.750991541810869440e-02
-9.362289833880829693e-02 4.869183876859434212e-01 -2.554687470129662213e-02
-8.970241152910314597e-02 4.946587595513343705e-01 -3.713237585394923296e-02
-9.639493695935760775e-02 4.810177559769609479e-01 -3.357720975612615150e-02
-1.113792074376881713e-01 4.762304801272415622e-01 -7.567451107441287850e-03
-1.320086910787623136e-01 4.804389451570936220e-01 1.760798712988643697e-02
-1.393567228065435704e-01 5.084695544728458083e-01 1.960549856244109268e-02
-1.378238801887679832e-01 5.038651923333312688e-01 4.112675799563154933e-04
-1.146289981058816188e-01 4.909222597419528600e-01 2.121468865431829290e-02
-9.433213440326343457e-02 4.837813791193654733e-01 -3.417890357915846083e-03
-6.205879860713348073e-02 4.683930036611893555e-01 -1.322734161913668299e-02
-7.323365525880928817e-02 4.527057168733388814e-01 6.499015371803609081e-03
-7.434670747527627466e-02 4.371491604873321557e-01 6.179572129356763512e-03
-8.541542690810051408e-02 4.436409816240706183e-01 6.769320867451959767e-03
-1.139748962536986515e-01 4.373767244024672762e-01 2.270093621323820976e-02
-1.235892944034877039e-01 4.465997290916908780e-01 2.500545417209156657e-02
-1.296515145518663259e-01 4.618213635479140877e-01 2.113448448796844542e-02
-1.412617951018864948e-01 4.535635507110911679e-01 1.521249151170002423e-02
-1.351101293223380684e-01 4.710611157365398038e-01 1.868537735408669007e-02
-1.099609550071040664e-01 4.798672685405505067e-01 3.874450121675371284e-02
-7.798910810144957240e-02 4.748238292543655037e-01 2.318830191610490518e-02
-7.759327042921183859e-02 4.597213618496748810e-01 1.668735448011892178e-02
-7.662510871010379254e-02 4.577624498281300247e-01 1.791400469418329838e-02
-9.105589440139197355e-02 4.764672149242820121e-01 4.044670998773197690e-02
-9.150403134347688539e-02 4.738693685245673470e-01 2.966607663511815901e-02
-1.012606750400212169e-01 4.646450079548066214e-01 3.289803101170311883e-02
-1.057829997099877933e-01 4.463946155895486267e-01 5.015533454220207077e-02
-9.525730766576846753e-02 4.367683222248928132e-01 5.624204592188358776e-02
-7.733645423532345409e-02 4.426207427937479677e-01 5.502366344819722282e-02
-9.171031218578819255e-02 4.522547627190633968e-01 2.852531121285246940e-02
-1.040918817085061954e-01 4.458295611151886217e-01 1.768125410817228405e-02
-1.106964163458789563e-01 4.224759548418964283e-01 1.587933914441838276e-02
-1.403607078533599117e-01 3.930268779305854387e-01 5.559442677839143698e-03
-1.565437896699773679e-01 3.924411888509750646e-01 -7.830366775090446749e-03
-1.673373322141174513e-01 3.940128728226822141e-01 -1.634839234225131388e-02
-1.564355256821783891e-01 4.059429679411813985e-01 -2.540848482287983226e-02
-1.245391619275894035e-01 4.177731558508089860e-01 -2.262392699657533174e-02
-9.668546784938214511e-02 4.268667653041091636e-01 -2.953477395142905040e-02
-9.507212870503128910e-02 4.301909938813767154e-01 -4.340723560088304706e-02
-1.284938914720817893e-01 4.455223626394460568e-01 -4.578479850456683431e-02
-1.406636933906816600e-01 4.549172971247083530e-01 -4.522575490170292756e-02
-1.265733023811815294e-01 4.495750667050243954e-01 -3.397932568665489039e-02
-9.556412705327263502e-02 4.311505874491249335e-01 -3.545974970723238251e-02
-7.225717918147847585e-02 3.966641560672716227e-01 -2.350738434816163069e-02
-1.139441486219809341e-01 3.910512278643102357e-01 -4.100448376486594965e-02
-1.253959153238690116e-01 3.614266689709939584e-01 -3.580154691576276776e-02
-1.284043063957209518e-01 3.660350195330135947e-01 -1.242879582368023456e-02
-1.274403030221447630e-01 3.711594708425481337e-01 2.460787657212949037e-02
-1.368883163917414547e-01 3.801012178503023753e-01 5.587147103952255084e-02
-1.208849528322112066e-01 3.965213695233185676e-01 7.567832715586553238e-02
-9.102272570939515250e-02 4.091638894419680206e-01 6.885432011795418472e-02
-8.667955282965789099e-02 4.151193021962765739e-01 3.182542005115538558e-02
-8.004820621566959005e-02 4.243386675811366415e-01 3.174848753012414482e-02
-9.819895445927655231e-02 4.340609115189420497e-01 4.340376051908997890e-02
-1.014677452399389695e-01 4.362309895791521286e-01 2.979652423847006792e-02
-1.044202862976713608e-01 4.463663589928271169e-01 2.277087532448161117e-02
-9.111650924307596044e-02 4.264358040364800706e-01 3.579508883248248841e-02
-1.082859210855004611e-01 4.164514506379641268e-01 4.664890147131155185e-02
-9.333743733262771236e-02 4.223791254971513975e-01 4.861866776983482519e-02
-7.168219725806379561e-02 4.205450035533163100e-01 2.635248062575670097e-02
-5.488886422615026767e-02 4.237262897829315866e-01 -3.356131264769961209e-03
-4.266151385980235244e-02 4.133004450381610462e-01 -7.831589382858751558e-03
-5.919548574295283028e-02 4.203448227036927776e-01 -1.587838629024199838e-02
-8.055344905697714442e-02 4.113214990756224321e-01 -2.409001251515812542e-02
-9.631864274174445351e-02 3.908646593403359848e-01 -9.211096064510506526e-03
-8.970329497595222468e-02 3.996868983172499057e-01 8.778482314900810934e-04
-1.023701560082767442e-01 3.993285639983203961e-01 1.702564778857261485e-02
-9.089668257205310575e-02 4.008186464747212630e-01 2.603033824321399070e-02
-7.275757822827434718e-02 4.247880320618520056e-01 3.428325870811411297e-02
-5.252508375206675628e-02 4.767136719181360172e-01 4.723970472305924484e-02
-4.322632052354279802e-02 4.994388519965519690e-01 3.429843709838231725e-02
-5.221146273651101899e-02 4.936379031536928808e-01 5.180255283605232630e-02
-5.824837208705297559e-02 5.079930501902789608e-01 4.703267925742062733e-02
-6.548039987331295830e-02 5.184576528272500928e-01 4.987309029756596679e-02
-8.256123336613621633e-02 4.987941715607744908e-01 4.051717305731847990e-02
-9.042044492780820786e-02 4.765540031375489760e-01 5.065879244791563624e-02
-8.207563917722417168e-02 5.005297895243703277e-01 5.377030194907126553e-02
-8.548198543001730987e-02 4.820196897702537786e-01 4.979906864512375492e-02
-6.989205935979260487e-02 4.815991840171560123e-01 4.762984541324077892e-02
-7.000509803001604692e-02 4.903727460438434549e-01 4.462249885743001937e-02
-6.400670125313988323e-02 4.947937013030167530e-01 3.686582570494291444e-02
-7.507957268898265979e-02 5.065249502669695314e-01 1.398893865892433114e-02
-8.413832301858915896e-02 4.890912007001973483e-01 -1.807321245480311700e-02
-8.553752296176769798e-02 4.812024714817860760e-01 -7.953322110550612584e-03
-7.674558742221529450e-02 4.851572148552817931e-01 8.505861090338389524e-03
-7.301870397396069412e-02 4.860687335250836183e-01 2.333224079925895478e-02
-3.813722616126022369e-02 5.033770042867032890e-01 4.466685164758550652e-02
-2.165149021959478226e-02 4.798185773181339320e-01 5.070634162802013095e-02
-9.284830200003557979e-03 4.434317752195180429e-01 3.640589639057089516e-02
-1.828597952693641546e-02 4.266507921648792223e-01 2.819677628540474823e-02
4.049757759944531965e-03 4.282372074898300185e-01 1.193724519797600622e-02
2.264377883945283346e-02 4.082685101369937786e-01 7.823543456544016644e-04
6.102619766849368133e-02 3.752078596351857143e-01 -9.703677356218062822e-03
9.669604441112752968e-02 3.570322937206674152e-01 8.274365095330159237e-03
1.160883770261952330e-01 3.479262108348966653e-01 2.003899651206459548e-02
1.400666218787097739e-01 3.164710821737817259e-01 1.275574942792002259e-02
1.675358077424358716e-01 2.995710881722141727e-01 7.955078103582986782e-04
1.530279648694823358e-01 2.891616483212748334e-01 -1.801268709363160886e-02
1.350065121611376262e-01 2.909279199034096042e-01 -2.280196215318520958e-02
1.265179053986717483e-01 3.014925218136770280e-01 -1.694412139208530121e-02
1.168540201656943500e-01 3.038288546577425087e-01 -1.478831469942888319e-03
1.111058258768732182e-01 3.044602372086879782e-01 2.849554483060621687e-03
1.059012774459482525e-01 3.202035973637983313e-01 -8.008572212926780634e-03
1.080971453342684935e-01 3.301935573025669424e-01 2.568897427661886307e-02
9.803014064306600495e-02 3.497187465506251813e-01 2.949575607867802735e-02
9.999950256890094424e-02 3.658318933677692231e-01 4.784834106896160288e-02
1.041152672263072065e-01 3.698526083856614188e-01 6.606009462041649571e-02
9.593218428498165307e-02 4.062198031533023057e-01 5.031919156396846837e-02
9.656927130201208020e-02 4.172424741885654154e-01 4.389766997746924471e-02
7.814605591425252684e-02 4.264288774352729683e-01 1.969934717265865026e-02
6.515365275440734849e-02 4.248461856423059180e-01 2.434138448891460388e-02
6.537974531184770344e-02 4.179963460200502023e-01 2.536283599632378066e-02
5.055245406964417598e-02 4.154103219256495283e-01 1.908296830388434007e-02
7.037216283804714756e-02 4.193639032354807838e-01 7.776844660676377960e-03
6.495945770130161223e-02 4.207218553157281438e-01 -2.309548942660420018e-03
5.623776572516474975e-02 4.354204023592296302e-01 -1.738040627865194976e-02
5.407082465307642971e-02 4.115049619053285923e-01 -3.984427607203565314e-02
6.519627882297751587e-02 3.894137477907396172e-01 -3.432419535272484418e-02
9.952119341924856033e-02 3.779560761825038195e-01 -1.875536164443329656e-02
8.813393044990841529e-02 3.475982805509538753e-01 -1.360217961319208808e-02
7.724851554947420595e-02 3.390600653528069719e-01 -1.442822836675988762e-03
5.395306793487293640e-02 3.366175138983146797e-01 -3.885858393642124820e-03
2.210952545766913663e-02 3.646490589264722582e-01 1.496702990350857326e-02
2.104322636703481741e-02 4.049870123311658521e-01 3.718912765448875724e-02
2.199602678419448204e-02 4.388866301967825900e-01 4.152853013153624817e-02
3.165188332109985375e-02 4.631100418527802631e-01 2.378897227534266037e-02
3.799903595910822385e-02 4.692997077021279773e-01 -4.777024941082015641e-03
1.994735248745749950e-02 4.942395662919040200e-01 5.723430806850194133e-03
1.931401995238196667e-03 4.988429942459840505e-01 2.696659666376186038e-02
-3.730423245476043037e-02 5.139216241739773539e-01 2.084190656162540969e-02
-6.197817239016566171e-02 4.950440653259953749e-01 8.092928303901934101e-03
-6.925262568136564267e-02 5.210157365852745581e-01 2.082072777587838652e-02
-5.637084667490056822e-02 5.316939158596728499e-01 1.492497779858416827e-02
-7.551891800449367365e-02 5.486357586763219718e-01 2.399935317197247203e-02
-9.039704930160276375e-02 5.410706577339384760e-01 -9.186759844712705236e-03
-8.841544307249889212e-02 5.476049375721200319e-01 -3.237228867096668405e-02
-8.669779661729419551e-02 5.300170584432140064e-01 -4.111372676295592388e-02
-8.288340043100345111e-02 5.135980534669251085e-01 -3.972512686670362503e-02
-9.367337825019533826e-02 4.859052725267579143e-01 4.389049498604531696e-03
-7.323494943143202263e-02 4.742367842577625558e-01 1.274447721742408106e-02
-7.948979641855380418e-02 4.736060328506724315e-01 1.839248589575545600e-02
-9.158528183019092050e-02 4.696776398920165518e-01 1.588970829052113731e-02
-1.003487036764722090e-01 4.616510679958047980e-01 4.704262280769325177e-03
